45 29 35 36 50 33 35 66 
44 30 38 38 49 32 35 48 
45 25 31 42 54 33 38 45 
45 27 32 41 55 35 39 65 
62 28 37 44 55 36 43 71 
62 29 37 44 55 34 41 70 
63 27 34 42 55 36 43 72 
62 28 34 44 50 41 40 83 
63 28 33 46 52 41 40 76 
48 33 28 44 48 39 37 73 
78 81 31 44 54 38 40 76 
79 86 30 44 52 37 37 79 
81 87 31 42 53 33 37 80 
88 88 32 40 48 31 36 77 
92 87 32 41 52 32 43 106 
67 47 29 45 47 45 42 112 
66 41 36 49 53 47 42 112 
74 42 35 47 53 50 41 106 
68 40 37 51 55 50 47 144 
59 36 37 50 49 50 40 133 
64 36 39 45 49 40 45 140 
61 33 34 41 49 67 65 190 
49 31 34 46 55 130 102 207 
48 34 33 48 87 163 126 283 
82 83 35 50 95 181 161 321 
88 111 43 55 100 188 228 352 
89 113 45 60 108 190 238 335 
95 115 48 65 128 197 243 347 
93 115 49 61 110 175 240 283 
73 95 48 61 108 161 241 245 
66 61 41 61 114 158 198 221 
70 57 39 59 105 151 193 253 
63 54 34 47 74 97 184 250 
63 55 31 46 72 90 181 248 
56 41 33 48 70 116 170 267 
63 47 32 44 59 135 165 292 
67 61 31 46 63 136 188 274 
71 61 28 47 64 135 200 282 
69 61 30 45 64 137 206 278 
66 62 29 38 60 114 195 291 
60 61 28 39 74 100 193 244 
66 57 30 39 73 97 190 261 
62 66 33 41 79 103 196 250 
66 65 32 41 79 115 190 245 
70 64 29 40 76 112 219 201 
79 109 30 36 60 103 265 242 
74 122 36 38 61 119 301 221 
72 119 34 35 51 111 320 224 
69 120 34 38 53 99 398 325 
73 128 36 39 55 104 418 338 
71 130 39 38 54 124 562 360 
68 130 81 33 52 152 667 362 
88 167 87 36 53 166 741 394 
93 174 91 36 54 195 824 348 
114 190 101 40 64 222 969 358 
112 194 118 48 83 261 906 329 
122 221 113 50 85 284 900 378 
129 213 123 59 99 291 877 359 
138 233 125 61 104 282 817 358 
123 224 124 73 141 328 657 366 
125 205 132 70 133 297 664 396 
120 186 117 71 138 262 612 375 
114 202 134 80 135 296 612 382 
115 181 134 81 134 303 566 391 
123 177 131 85 96 278 587 410 
143 192 116 84 94 295 567 427 
154 205 131 84 88 304 524 409 
149 226 161 76 89 286 495 420 
147 225 160 74 89 293 513 406 
142 224 160 67 134 316 498 423 
132 237 178 80 149 311 485 371 
162 285 184 93 151 312 512 375 
169 250 141 88 149 301 508 407 
170 248 145 103 165 305 468 436 
191 302 189 106 141 272 448 426 
263 457 218 118 154 281 519 519 
243 426 205 108 156 278 497 526 
239 433 206 113 211 336 479 506 
247 482 229 119 211 373 528 488 
246 461 212 121 206 398 560 506 
165 314 161 107 194 386 521 447 
160 319 178 112 194 414 536 447 
164 312 179 111 150 378 518 409 
159 238 155 96 144 354 487 484 
136 228 142 105 170 443 509 468 
130 193 141 98 164 441 463 438 
143 176 123 107 171 482 529 442 
142 170 120 104 168 479 534 474 
139 162 124 102 158 459 520 467 
133 148 112 80 129 339 417 429 
158 183 136 87 126 345 435 424 
148 204 157 68 113 246 301 424 
146 208 155 69 112 277 331 426 
135 204 142 68 123 281 373 337 
143 204 140 66 118 258 374 327 
141 182 135 59 123 261 385 338 
147 140 134 58 131 261 366 327 
141 125 131 60 162 313 410 263 
139 129 134 60 157 318 396 303 
133 124 133 63 157 325 390 325 
118 106 115 65 153 313 356 358 
125 136 97 70 159 312 407 370 
129 149 91 65 112 219 328 380 
140 170 81 69 121 204 286 350 
149 182 86 70 137 222 292 411 
163 210 147 105 278 393 501 396 
152 234 214 113 282 396 458 473 
167 265 265 117 284 387 447 464 
169 287 274 114 283 395 458 452 
171 300 291 129 337 425 542 440 
224 290 272 108 270 297 418 474 
229 319 266 105 261 280 414 402 
221 297 231 104 273 311 433 415 
220 268 225 108 294 329 454 425 
222 255 212 92 230 286 363 367 
183 345 214 86 187 265 299 335 
191 298 152 73 182 262 297 315 
187 292 130 68 176 217 264 298 
182 287 123 63 196 218 220 281 
173 279 103 63 241 201 194 299 
132 142 73 66 260 298 228 277 
123 118 58 70 282 359 275 315 
134 205 85 78 281 362 277 452 
133 211 84 77 247 339 272 492 
124 210 87 72 206 342 278 527 
131 212 93 70 189 265 248 540 
141 225 170 71 183 189 204 630 
134 147 165 81 168 181 213 595 
148 132 170 80 163 208 190 599 
164 144 253 85 158 230 187 619 
168 139 264 89 281 427 385 601 
149 124 230 91 269 441 403 488 
171 141 252 89 292 455 405 485 
165 143 249 96 300 449 426 517 
173 131 178 106 308 448 439 520 
182 141 177 109 214 277 305 596 
213 141 171 114 221 277 290 642 
195 111 129 104 191 262 290 613 
202 108 137 103 183 255 258 564 
197 115 146 93 167 238 227 545 
185 90 130 85 152 233 191 499 
142 79 134 71 141 204 171 442 
150 132 167 78 140 214 184 457 
156 169 287 79 129 238 194 486 
142 165 297 82 171 292 202 426 
134 168 303 82 168 301 199 436 
139 168 342 102 170 334 207 417 
129 136 346 111 200 338 175 379 
92 84 283 111 202 315 175 347 
84 101 411 195 184 271 208 405 
94 126 456 199 208 292 253 341 
97 126 433 198 205 300 255 348 
114 122 420 195 191 301 253 368 
124 124 420 195 199 304 251 389 
133 104 287 123 207 351 237 340 
133 73 224 132 202 362 192 337 
142 85 217 131 224 349 187 339 
144 103 219 132 240 366 217 339 
136 110 223 127 235 365 222 332 
148 126 222 128 223 361 202 373 
147 126 210 116 240 367 289 373 
153 121 242 102 214 344 286 400 
148 116 244 99 190 314 265 391 
152 110 242 101 199 367 319 377 
144 91 238 74 196 378 330 403 
152 90 231 70 156 334 258 416 
153 85 212 71 156 340 258 385 
148 71 206 70 175 367 282 372 
158 74 156 69 160 315 225 355 
154 85 202 90 162 321 222 286 
143 95 217 88 182 365 262 278 
136 113 208 96 193 370 265 317 
137 115 208 100 193 370 270 315 
125 110 209 107 217 421 288 308 
123 102 171 100 226 378 318 296 
133 95 227 102 238 428 388 408 
125 79 241 97 230 418 392 392 
118 77 249 115 269 455 388 399 
130 81 252 119 267 422 413 421 
126 80 262 111 257 416 392 427 
145 75 199 108 235 360 338 388 
143 71 175 106 233 357 337 398 
148 77 159 80 163 281 322 414 
134 74 152 63 132 251 269 413 
137 71 110 62 119 244 256 400 
115 77 176 60 99 174 196 324 
121 81 189 79 144 243 206 292 
117 70 191 79 150 258 196 290 
117 71 190 79 151 266 184 251 
114 79 191 81 151 260 172 253 
102 86 166 90 180 292 180 232 
86 81 151 77 153 239 146 221 
93 84 145 70 143 211 154 204 
92 80 148 75 145 215 163 220 
94 80 161 75 162 245 244 210 
94 69 117 65 126 195 227 233 
106 69 108 65 121 191 234 327 
118 109 105 66 119 190 230 359 
116 113 98 70 116 170 222 352 
124 135 112 74 84 112 124 365 
120 143 136 73 80 116 123 362 
136 161 134 79 111 123 109 303 
124 169 139 80 113 110 98 242 
131 172 143 73 109 112 91 249 
129 170 125 71 110 108 88 266 
137 167 202 72 113 101 81 312 
115 153 207 63 73 81 77 315 
108 123 212 67 73 83 71 314 
102 121 211 62 66 76 67 297 
91 95 211 55 60 75 70 288 
79 86 113 54 51 68 74 253 
82 92 101 53 59 70 73 255 
91 96 91 51 52 72 75 257 
95 91 118 59 55 69 85 294 
94 92 175 62 57 71 80 272 
98 91 179 59 59 69 73 251 
108 105 182 57 53 67 75 267 
117 113 179 52 50 60 77 292 
116 113 160 44 47 54 66 262 
119 112 84 44 46 51 66 309 
117 120 77 46 43 55 70 298 
109 122 73 45 39 48 69 268 
91 110 71 46 40 53 65 244 
82 107 66 43 44 59 68 242 
76 108 57 35 42 59 72 214 
74 98 47 36 44 58 83 251 
55 62 37 36 43 60 80 238 
64 60 39 39 48 58 76 238 
72 67 37 45 51 57 83 283 
76 72 37 46 52 56 81 254 
79 85 41 43 49 51 72 261 
85 94 38 46 50 56 75 254 
81 91 36 42 51 62 80 253 
75 86 37 40 41 63 68 199 
68 79 37 42 40 63 71 204 
64 63 30 42 43 65 66 234 
58 48 34 41 47 64 65 255 
53 56 35 44 44 62 71 249 
58 73 35 42 44 61 71 246 
61 75 32 40 46 72 67 268 
61 76 37 39 45 76 67 208 
73 89 35 36 42 74 69 231 
85 92 35 32 41 74 65 253 
85 83 36 30 42 74 74 272 
91 92 38 32 40 64 79 259 
94 99 35 37 41 59 85 316 
87 94 34 39 40 59 88 281 
75 82 32 42 40 69 84 265 
72 83 30 43 40 70 76 246 
63 76 28 40 41 71 82 255 
68 76 30 38 39 69 73 181 
68 71 30 39 38 66 67 180 
85 82 29 37 37 49 77 173 
83 81 29 34 40 42 80 175 
84 76 35 34 38 44 70 179 
77 67 35 36 41 50 81 212 
76 65 36 35 42 76 88 267 
60 51 37 35 41 84 88 278 
