35 25 26 33 38 25 27 22 
34 25 28 28 37 25 35 23 
35 26 29 28 39 24 32 23 
37 28 31 27 38 28 33 25 
34 26 28 31 36 30 36 22 
37 29 28 34 35 31 38 24 
40 29 32 35 42 34 30 24 
41 29 31 34 40 37 33 23 
40 30 31 36 44 33 33 25 
41 28 32 31 45 33 31 26 
44 27 31 30 45 33 29 24 
42 32 33 31 45 32 31 24 
42 31 34 33 45 35 30 27 
40 29 33 35 43 34 32 27 
41 30 31 33 41 33 33 26 
36 30 33 32 43 33 31 27 
39 22 26 32 38 29 29 33 
40 24 25 31 41 27 27 31 
42 26 29 28 39 28 29 30 
42 26 29 30 41 30 26 31 
42 28 26 29 38 34 28 32 
46 42 25 29 38 34 29 30 
49 46 26 28 33 34 36 72 
47 45 22 29 35 35 38 81 
47 45 20 27 35 39 40 82 
50 44 23 31 76 90 56 85 
40 35 23 31 79 106 60 91 
37 29 24 33 95 121 70 81 
37 28 24 33 106 142 78 76 
42 37 24 37 111 159 86 151 
43 38 26 36 93 141 89 189 
51 38 28 39 106 140 92 200 
53 39 29 43 104 132 98 197 
60 40 28 42 95 119 105 255 
60 45 32 43 113 143 147 307 
71 63 34 43 116 153 183 311 
68 65 33 44 134 180 212 314 
67 66 34 51 155 213 239 331 
63 67 34 51 155 217 242 335 
68 79 33 50 141 192 228 296 
57 68 29 48 138 183 215 300 
61 89 34 45 109 166 244 303 
98 125 35 36 64 125 264 365 
98 131 36 40 66 118 267 339 
106 131 39 38 63 129 326 322 
111 133 45 40 61 131 333 320 
109 122 42 41 62 133 350 330 
84 108 41 40 63 144 373 273 
98 113 43 37 59 151 402 277 
86 102 39 37 58 141 373 307 
87 99 33 39 69 164 403 299 
94 196 85 38 67 171 436 317 
97 200 87 38 64 180 464 303 
90 198 88 63 146 187 483 297 
98 206 94 115 306 197 536 391 
97 219 99 145 414 208 604 413 
95 142 92 152 429 188 582 414 
106 127 93 154 440 183 578 471 
126 141 100 148 427 182 625 470 
124 131 99 119 344 193 612 404 
123 124 104 80 206 163 517 377 
123 132 105 67 176 202 606 391 
113 130 109 62 149 220 593 347 
82 128 109 59 130 227 552 371 
99 132 112 47 94 225 540 369 
135 219 229 52 82 289 726 424 
143 220 225 55 73 295 757 406 
148 233 230 57 81 334 804 383 
153 267 243 65 83 367 822 401 
189 311 246 68 98 422 847 410 
222 338 166 87 108 399 797 439 
226 355 164 90 108 383 732 422 
221 356 160 90 108 336 672 463 
222 382 163 93 117 323 771 475 
191 358 162 93 117 293 771 463 
147 319 152 93 143 307 744 423 
140 313 209 90 143 309 717 477 
140 312 208 93 162 346 749 437 
151 239 190 101 180 410 690 523 
143 234 191 100 178 414 663 528 
153 188 193 89 150 408 599 515 
147 175 140 91 154 409 646 561 
162 163 139 91 189 466 627 607 
157 164 137 85 249 464 544 516 
161 208 150 87 270 497 526 504 
145 290 170 85 276 498 517 512 
159 290 158 81 275 491 424 452 
145 292 156 85 274 506 451 392 
147 302 158 79 211 466 459 449 
150 281 156 77 180 402 457 460 
141 210 115 70 171 388 441 497 
137 203 117 76 183 398 436 490 
149 219 118 67 154 309 392 494 
140 211 125 60 144 277 330 457 
160 250 119 61 160 315 314 529 
156 248 144 60 169 324 336 475 
147 250 144 56 158 322 319 441 
143 232 145 55 134 298 281 439 
153 274 141 57 129 281 278 495 
126 222 138 52 104 218 267 385 
119 199 119 56 99 211 221 371 
137 212 127 54 111 218 253 387 
138 218 120 50 103 189 230 453 
126 159 113 49 109 203 232 367 
128 172 122 45 109 211 224 369 
133 186 105 41 108 207 241 375 
113 162 93 38 89 190 210 352 
106 165 110 45 89 179 203 295 
115 160 133 46 84 170 230 263 
130 138 113 53 133 197 243 277 
125 125 115 52 133 184 227 278 
123 129 116 50 138 183 228 312 
123 115 99 56 187 223 336 293 
122 118 65 57 197 269 349 340 
105 119 89 53 179 265 362 327 
106 112 88 60 183 274 379 325 
108 103 94 77 220 323 402 319 
111 131 102 74 188 326 323 359 
110 191 119 72 180 295 306 320 
114 211 107 80 205 354 354 355 
115 214 106 85 204 347 334 412 
118 219 98 87 162 322 326 405 
158 211 106 88 157 328 344 460 
162 182 105 93 166 352 365 478 
166 169 100 85 135 288 290 456 
182 187 102 79 136 289 286 435 
197 199 112 67 141 286 292 443 
197 217 108 63 145 250 267 343 
201 227 116 58 128 208 219 304 
207 227 123 71 156 204 253 400 
205 215 129 70 152 200 251 378 
199 206 127 69 150 172 215 384 
186 178 132 70 144 172 223 432 
181 148 126 70 148 204 285 462 
174 175 127 61 113 198 270 411 
163 182 126 61 110 211 269 407 
156 198 180 60 106 231 290 409 
134 196 183 63 105 228 294 364 
135 205 204 64 111 203 250 349 
131 189 227 70 94 212 243 321 
133 180 230 75 92 228 299 323 
122 150 214 70 131 220 292 345 
112 156 209 68 150 236 295 371 
145 150 212 76 175 267 296 366 
149 151 219 75 182 265 324 418 
146 150 235 105 189 255 295 417 
151 157 214 110 170 252 301 384 
154 152 220 122 207 291 309 357 
111 131 201 124 188 285 293 378 
127 111 239 127 189 284 268 330 
138 128 237 104 188 283 343 367 
149 121 244 106 205 308 360 359 
153 116 242 97 167 291 353 393 
155 118 249 97 171 285 360 402 
133 109 190 100 167 293 359 392 
121 88 177 96 164 284 295 359 
116 113 181 94 138 252 287 369 
111 110 171 95 145 247 316 336 
108 110 162 85 135 232 303 304 
111 112 150 75 137 205 298 324 
119 120 134 78 136 230 292 321 
120 91 113 91 150 254 288 332 
125 89 112 90 126 227 238 327 
125 92 96 98 132 229 245 328 
121 94 142 111 174 283 255 294 
121 75 146 114 170 265 281 285 
111 71 148 99 155 237 289 255 
123 87 156 98 158 238 285 240 
126 94 150 93 164 259 298 216 
126 99 237 78 115 220 302 249 
140 114 264 70 118 215 285 285 
144 139 263 82 161 307 321 278 
128 128 263 79 162 318 328 271 
123 121 282 85 159 297 317 292 
135 138 217 85 170 292 303 265 
116 128 186 85 176 318 336 297 
104 102 189 72 140 233 292 324 
103 106 198 72 134 226 303 327 
114 119 212 64 134 236 331 321 
106 98 195 62 137 271 344 327 
104 94 192 67 133 244 302 250 
124 105 192 71 137 243 301 265 
124 104 180 75 169 316 300 269 
116 85 141 75 160 303 311 350 
114 77 126 72 151 274 298 361 
111 84 121 70 157 291 364 370 
91 66 109 69 154 289 382 344 
93 67 101 61 123 199 375 354 
92 76 101 61 124 210 341 274 
103 74 87 66 133 215 361 260 
109 68 92 84 124 190 314 277 
109 66 93 86 127 223 320 266 
107 75 95 86 142 228 331 248 
107 82 76 91 147 226 324 246 
98 96 120 86 131 217 309 237 
98 105 125 67 130 214 309 258 
101 106 129 69 153 188 307 268 
114 108 131 69 136 181 283 273 
126 113 128 62 126 171 287 303 
119 103 100 65 131 180 282 305 
113 94 90 65 143 211 250 259 
113 97 84 58 113 204 194 280 
99 88 83 52 109 199 204 261 
71 68 88 51 125 238 224 201 
79 69 102 53 142 242 250 200 
83 73 104 52 131 225 265 210 
77 65 104 55 135 246 280 167 
98 64 102 58 136 251 265 209 
99 65 101 56 134 226 267 218 
90 75 67 51 118 227 249 213 
108 81 63 50 114 222 257 243 
119 82 60 53 114 208 276 253 
102 86 59 57 130 213 318 228 
109 83 52 60 128 214 384 246 
114 75 57 59 129 197 383 274 
102 70 73 64 121 179 359 269 
92 68 72 61 130 198 349 267 
90 63 71 54 119 193 324 263 
83 70 71 51 107 169 216 266 
86 72 62 50 100 161 206 253 
88 74 55 52 142 228 263 244 
86 80 58 48 129 197 231 273 
92 82 59 49 124 194 226 278 
103 94 57 49 124 197 221 269 
106 112 57 48 117 194 219 280 
101 109 40 38 59 116 149 261 
101 105 35 36 49 103 145 214 
95 102 31 34 46 82 115 210 
78 85 31 33 44 77 110 196 
61 52 28 32 44 71 97 175 
56 40 29 30 43 54 83 218 
44 40 29 30 44 56 74 219 
44 35 28 36 61 61 80 213 
50 30 28 38 66 69 91 260 
47 31 29 40 74 117 105 254 
45 31 29 40 74 120 100 214 
59 31 30 40 75 122 108 216 
59 37 28 34 63 121 109 227 
58 38 29 32 55 119 99 172 
60 37 28 28 48 73 84 212 
59 41 27 31 47 67 95 236 
47 38 26 34 47 67 107 238 
49 31 28 33 43 79 118 235 
61 35 30 40 90 106 143 261 
62 34 28 40 91 107 143 264 
64 30 29 37 90 108 166 253 
63 31 30 34 91 109 181 253 
68 35 30 34 91 105 175 280 
55 30 30 31 63 88 161 278 
54 32 33 34 60 115 181 238 
54 33 33 33 63 118 161 244 
67 31 32 34 61 124 168 417 
59 29 30 32 59 126 184 411 
58 27 30 29 42 124 179 397 
59 27 28 28 46 108 167 411 
76 41 31 34 59 138 325 426 
71 44 33 37 76 142 320 256 
75 43 34 41 84 142 313 243 
81 45 32 38 85 138 322 236 
78 44 33 43 93 161 329 258 
65 33 29 39 90 141 264 268 
72 32 30 38 76 150 262 280 
84 34 26 36 73 155 261 301 
80 33 29 37 73 157 274 299 
87 35 28 33 62 133 274 287 
85 33 29 39 60 131 204 253 
77 32 26 36 62 105 193 246 
61 29 25 35 59 98 194 245 
62 30 22 33 59 92 196 282 
54 27 21 31 60 84 182 263 
59 28 22 31 65 112 170 278 
57 29 22 34 64 111 184 297 
54 29 21 34 62 107 179 270 
53 28 20 34 60 109 143 236 
54 27 25 36 56 113 134 248 
43 23 24 30 46 85 130 236 
52 26 24 31 55 92 148 286 
65 30 25 36 56 92 173 318 
67 31 28 37 55 87 174 329 
68 33 23 37 61 94 176 333 
77 34 24 37 69 90 171 355 
76 32 24 34 60 83 133 323 
73 30 24 31 63 81 116 309 
