17 21 21 23 30 23 23 24 
19 21 23 22 29 24 25 22 
19 20 22 24 25 24 26 21 
20 18 22 24 27 26 25 23 
21 19 22 23 30 26 24 22 
23 17 22 23 28 27 25 24 
20 20 23 23 30 24 22 25 
22 20 23 21 27 23 23 24 
22 21 24 20 32 21 27 23 
22 19 24 19 31 21 28 27 
20 18 23 21 33 21 28 25 
21 17 21 22 32 24 31 23 
18 20 22 25 32 24 29 24 
18 20 21 25 28 22 25 25 
20 21 21 25 27 21 26 21 
22 23 23 24 29 21 25 22 
20 23 22 25 32 18 24 22 
20 22 19 23 32 20 24 21 
22 21 21 24 32 21 25 21 
18 22 22 24 32 22 25 21 
19 20 21 24 30 24 26 20 
20 21 20 22 24 26 24 21 
21 19 20 21 26 29 25 22 
20 21 17 22 28 31 24 21 
22 20 17 25 25 32 25 24 
22 21 18 25 25 36 24 25 
22 20 21 26 27 46 33 27 
24 21 21 34 46 82 40 27 
23 22 24 35 75 92 120 73 
24 28 28 35 81 109 171 91 
34 44 31 35 83 115 181 154 
36 54 31 36 84 116 188 185 
40 55 31 31 89 100 217 192 
40 55 31 37 118 183 237 183 
40 52 28 35 117 181 223 188 
37 42 26 34 116 180 227 189 
39 49 27 34 116 184 247 172 
38 50 28 34 107 184 247 178 
49 84 38 26 47 103 284 222 
52 90 38 27 48 98 284 225 
52 92 36 29 48 99 328 198 
51 83 37 30 53 132 341 205 
69 110 38 30 69 162 408 235 
99 153 75 34 71 165 387 209 
103 157 78 36 68 162 400 199 
107 158 81 36 67 163 449 196 
118 178 83 36 65 176 564 257 
130 166 84 35 46 154 521 255 
109 123 49 30 40 146 507 242 
105 115 44 29 39 159 590 255 
107 154 72 30 46 211 609 264 
99 145 69 29 43 184 545 210 
115 241 91 39 49 202 584 180 
118 258 100 40 53 215 652 203 
124 281 126 45 55 223 625 238 
123 270 120 45 56 191 613 273 
121 267 122 46 56 191 613 268 
90 202 111 41 53 184 678 291 
105 230 183 42 50 191 719 329 
106 222 177 46 59 292 834 340 
110 219 176 59 66 315 857 313 
125 282 207 63 69 323 837 316 
119 292 224 64 70 318 777 352 
111 275 172 66 80 329 762 418 
117 303 174 62 80 281 753 423 
115 305 180 53 72 254 711 420 
111 286 179 50 71 237 694 421 
135 277 163 46 74 254 774 379 
127 261 163 52 82 277 741 298 
124 256 169 53 77 260 629 298 
129 263 197 51 76 262 641 329 
136 242 182 56 81 303 745 331 
113 225 176 60 92 298 656 331 
119 230 180 59 86 317 677 350 
136 243 195 65 98 300 661 327 
134 251 170 63 97 297 618 320 
126 236 157 69 104 308 531 346 
134 245 161 79 188 402 603 375 
143 264 172 77 209 392 576 416 
126 261 160 72 205 400 561 448 
125 259 175 75 212 414 582 439 
133 260 176 71 234 398 574 464 
135 282 193 57 173 304 486 459 
127 258 177 53 151 270 432 414 
124 203 157 61 171 248 405 394 
118 175 129 59 171 244 369 387 
100 161 133 55 132 244 351 391 
90 113 133 58 132 240 337 390 
83 103 137 67 124 226 311 348 
86 119 161 63 96 221 273 324 
106 132 186 61 111 201 284 358 
113 179 189 61 119 166 249 286 
118 176 170 60 112 163 223 275 
124 185 182 57 115 154 223 288 
122 182 156 54 116 162 283 341 
112 181 119 60 107 201 262 313 
105 166 115 59 96 194 249 328 
96 164 110 60 104 194 243 305 
86 160 77 51 105 195 228 286 
105 159 77 53 128 203 154 199 
101 150 80 59 162 279 316 253 
98 114 57 57 167 284 390 279 
100 129 56 55 162 284 410 286 
104 143 59 58 164 287 462 369 
89 152 57 57 144 279 480 410 
92 161 70 48 94 148 386 459 
108 199 122 50 91 150 331 526 
111 190 129 60 136 177 338 527 
143 198 131 60 149 215 311 540 
138 235 166 62 155 218 314 554 
152 239 200 70 153 215 338 520 
151 211 224 77 151 219 315 474 
179 234 234 79 140 205 306 498 
169 234 264 83 135 172 270 446 
171 211 268 94 138 166 228 400 
161 201 245 89 154 197 215 371 
166 211 221 86 185 244 243 358 
170 184 225 85 179 245 226 449 
172 170 248 118 170 236 216 466 
174 135 231 113 167 240 213 462 
182 134 239 114 168 262 206 508 
176 118 241 113 134 219 180 511 
141 123 228 111 116 204 173 449 
148 125 183 78 140 207 173 438 
153 120 178 75 147 259 209 472 
191 126 178 74 123 229 209 425 
188 127 158 71 129 243 245 393 
189 121 178 69 161 267 251 391 
180 119 162 69 147 274 260 402 
175 119 179 74 156 277 257 391 
127 122 226 89 198 295 248 457 
150 122 250 91 206 285 232 479 
155 117 246 98 204 282 221 478 
151 93 254 93 209 295 222 485 
148 84 238 91 213 275 222 477 
139 60 177 72 179 270 220 413 
164 86 188 81 172 261 209 390 
157 90 173 68 151 286 229 338 
147 89 158 67 156 293 239 299 
152 89 161 60 135 283 239 339 
159 91 160 60 146 287 247 321 
106 59 94 46 144 287 236 339 
104 56 104 49 148 257 220 369 
104 60 101 58 147 236 193 357 
95 58 94 56 144 244 200 298 
86 58 93 57 141 244 216 363 
83 75 99 62 146 276 220 350 
83 73 87 64 157 301 224 339 
92 74 89 55 151 307 228 400 
98 78 87 60 170 327 197 473 
98 76 89 60 158 311 158 425 
93 54 70 63 173 300 182 414 
99 68 66 70 180 299 217 438 
107 72 57 73 180 315 241 402 
99 71 61 82 216 324 283 370 
96 74 58 81 220 324 289 368 
96 73 61 78 209 322 278 372 
91 58 48 68 196 291 251 337 
76 51 57 68 187 269 241 395 
84 58 66 56 137 214 198 344 
82 53 65 55 130 212 200 416 
84 54 62 56 137 214 206 411 
81 54 63 56 131 209 199 406 
82 53 56 55 140 224 194 340 
82 47 40 54 126 218 173 327 
82 53 41 57 131 228 158 300 
80 55 39 49 119 210 153 288 
79 53 40 49 113 207 214 284 
68 51 38 48 110 186 206 314 
57 48 48 53 121 232 248 336 
87 74 46 64 122 216 264 355 
94 77 44 71 112 216 272 352 
95 78 43 70 122 227 228 361 
97 78 43 71 120 222 225 336 
95 76 28 67 111 178 187 312 
69 46 31 52 109 183 171 239 
64 40 35 45 137 225 175 255 
63 38 34 41 127 218 169 277 
60 36 32 38 125 215 169 277 
61 35 34 38 121 209 183 302 
64 57 35 39 121 204 185 275 
68 59 35 35 92 142 155 297 
70 64 39 54 155 279 275 266 
69 65 41 55 164 292 281 245 
75 71 42 54 162 286 267 224 
79 63 44 58 168 307 269 234 
80 62 41 59 164 308 268 220 
78 58 37 46 123 213 158 229 
81 58 35 42 108 196 143 244 
74 49 33 40 110 201 149 232 
67 35 26 32 100 169 146 267 
57 30 31 38 110 176 156 244 
58 30 31 33 100 151 135 228 
61 51 35 35 92 142 140 232 
61 52 35 36 101 149 148 238 
62 56 36 35 106 167 149 218 
62 60 33 27 99 161 139 220 
61 63 38 35 115 166 150 235 
52 47 35 41 130 204 144 216 
60 46 35 40 122 199 132 274 
63 49 35 43 117 182 113 262 
64 52 38 45 125 188 113 273 
65 52 32 39 111 179 99 257 
71 62 31 37 115 171 99 255 
92 89 35 39 131 178 98 313 
101 120 36 39 140 178 101 312 
111 147 35 35 128 167 90 312 
144 160 39 57 125 161 93 369 
143 161 41 55 103 111 92 390 
128 149 38 57 92 114 104 296 
122 132 37 56 70 113 110 326 
124 101 38 57 68 106 110 375 
106 102 37 36 61 110 108 328 
109 115 37 36 63 109 110 303 
127 168 39 35 46 78 96 315 
125 165 38 33 43 75 96 303 
124 168 40 33 67 131 129 244 
112 155 40 32 68 125 132 273 
109 148 39 30 65 129 130 324 
91 93 45 32 67 140 151 340 
90 99 44 31 68 146 179 327 
78 93 40 30 48 114 239 497 
70 90 38 38 67 134 264 492 
70 79 40 39 68 137 271 478 
64 62 30 37 66 128 264 496 
65 41 33 40 70 121 273 510 
64 42 33 39 71 113 214 361 
80 61 33 34 51 97 194 379 
84 69 32 47 69 109 274 425 
85 75 35 51 80 154 281 392 
82 75 34 51 87 155 261 401 
87 74 36 51 86 153 261 409 
77 57 37 51 87 153 274 424 
79 47 36 38 82 142 197 371 
86 41 36 37 105 162 205 454 
94 37 35 39 104 170 193 464 
91 34 34 39 104 171 197 443 
88 35 30 38 108 179 186 402 
86 32 30 43 104 178 178 431 
91 33 25 37 68 136 169 361 
100 43 30 34 59 121 179 327 
102 45 30 33 68 134 173 318 
101 47 39 47 130 204 206 318 
97 46 38 43 131 205 203 254 
87 43 38 43 133 199 194 208 
67 36 36 43 134 202 193 179 
60 35 38 46 130 206 209 219 
65 33 31 36 77 138 159 256 
65 34 32 36 77 146 165 257 
60 33 32 38 77 139 157 261 
77 36 31 38 74 136 168 334 
86 35 29 43 87 132 184 362 
104 38 27 42 71 120 201 372 
105 37 27 41 70 116 202 377 
103 38 27 39 69 115 214 375 
90 33 25 37 69 115 239 320 
79 33 23 28 54 94 208 276 
67 29 26 28 54 98 225 272 
65 27 24 29 60 101 226 259 
65 29 22 27 62 118 221 262 
63 29 24 30 63 114 178 243 
61 29 24 31 67 126 179 242 
54 27 23 29 69 125 160 225 
55 29 23 29 61 119 150 238 
55 27 26 31 65 113 139 232 
57 27 25 28 64 117 146 232 
75 32 26 29 65 120 161 247 
64 31 25 30 63 111 133 201 
62 31 27 34 61 112 141 190 
69 31 25 32 54 101 137 196 
71 33 27 32 56 113 189 234 
64 27 27 32 46 108 183 228 
65 26 26 33 47 114 179 232 
