23 21 20 20 23 27 25 21 
23 22 27 21 23 27 24 20 
29 22 30 24 23 25 24 17 
27 21 30 25 24 22 22 20 
24 19 29 25 21 22 22 21 
26 23 29 24 21 20 22 20 
28 22 25 25 22 21 21 19 
21 21 22 23 21 21 20 23 
29 25 21 23 21 24 20 22 
37 28 23 22 22 24 20 22 
40 52 47 24 25 26 21 22 
40 55 49 23 25 26 22 24 
41 56 50 24 26 26 25 21 
36 56 51 23 23 24 24 20 
30 56 50 26 25 23 24 21 
29 37 30 23 23 25 23 20 
48 39 28 24 22 24 23 19 
49 39 26 22 21 25 20 21 
51 37 24 23 22 25 20 22 
51 39 24 20 20 26 21 20 
51 40 25 22 20 22 20 23 
35 35 21 21 21 22 18 25 
38 38 22 24 20 21 19 23 
36 37 25 24 19 24 20 23 
37 34 25 25 24 36 21 26 
35 31 23 25 43 75 34 27 
35 35 24 33 73 104 57 28 
49 42 25 34 79 108 66 48 
52 46 24 37 88 127 69 53 
56 72 29 43 98 131 117 137 
78 109 40 49 122 136 133 150 
85 125 72 48 115 128 206 158 
77 128 75 46 113 137 224 154 
77 130 77 44 115 133 227 174 
77 121 79 47 152 197 268 137 
56 90 75 45 151 215 292 171 
46 69 47 44 150 214 255 168 
48 72 43 44 151 216 272 179 
54 74 39 44 149 213 282 164 
52 70 32 35 104 152 233 151 
51 104 38 32 69 108 203 164 
52 108 38 28 60 101 193 167 
49 101 37 29 53 89 160 163 
54 99 38 28 42 80 168 172 
85 106 42 27 39 92 203 178 
91 102 74 25 34 89 226 135 
90 108 77 29 36 94 237 152 
92 110 78 29 39 90 236 156 
88 111 80 30 39 93 239 149 
76 135 81 31 40 83 217 141 
76 131 95 29 40 79 226 126 
75 125 96 59 43 83 282 111 
74 131 96 71 47 104 319 197 
80 133 96 73 50 104 335 202 
102 167 95 73 46 106 334 219 
105 171 50 73 48 117 359 222 
119 179 90 51 51 124 380 226 
124 181 91 35 43 108 375 208 
123 183 93 32 48 110 400 221 
112 142 95 35 56 113 411 212 
109 127 105 34 58 136 439 223 
102 140 110 36 55 125 394 226 
98 131 111 36 59 127 409 184 
101 146 111 37 59 137 433 180 
92 153 112 35 55 162 480 208 
96 252 151 42 59 166 505 208 
101 250 131 42 59 197 627 258 
100 261 135 47 60 212 630 268 
112 278 147 45 58 220 665 289 
125 274 164 47 58 213 680 282 
140 226 143 48 57 233 672 349 
139 265 155 46 57 220 577 317 
152 290 163 46 56 230 664 309 
157 285 184 53 64 228 658 341 
144 323 208 58 76 252 656 347 
147 320 199 69 91 280 630 309 
153 300 190 78 123 289 638 376 
150 282 224 76 128 296 552 433 
138 266 205 73 130 297 478 468 
150 232 166 70 134 302 452 478 
146 227 163 60 133 256 442 524 
139 222 170 51 119 259 473 506 
145 234 123 62 123 268 503 461 
153 292 124 76 129 296 539 430 
154 285 129 85 133 340 558 452 
142 283 137 86 130 346 558 430 
149 282 133 92 137 346 544 434 
140 277 122 92 130 368 586 460 
125 233 143 81 122 350 542 424 
109 248 173 75 112 279 490 468 
108 248 176 71 115 270 483 446 
105 240 176 74 118 273 453 428 
108 256 173 72 136 305 380 420 
116 243 161 73 140 302 391 434 
117 220 124 71 144 306 381 335 
113 197 112 68 140 316 352 315 
108 190 100 58 129 306 357 302 
96 142 95 46 109 217 285 292 
94 142 89 43 99 198 266 303 
92 147 93 49 138 204 263 306 
112 229 99 50 134 198 285 329 
117 245 99 47 129 216 277 377 
123 242 102 55 153 272 299 370 
125 250 84 54 153 276 286 378 
121 253 98 45 106 259 276 370 
103 180 90 46 105 245 272 338 
84 157 91 50 103 215 245 300 
82 174 93 45 78 138 193 321 
84 197 122 49 79 130 211 295 
91 191 107 49 88 157 227 304 
97 194 105 49 89 156 203 329 
97 196 105 52 112 193 181 297 
92 177 102 53 108 195 199 259 
84 121 65 54 116 205 219 320 
89 129 86 55 113 187 221 309 
84 145 85 54 116 186 211 277 
85 135 86 46 100 148 211 306 
82 138 87 44 94 159 265 374 
80 142 109 42 96 179 238 302 
68 124 99 49 104 193 245 304 
70 93 102 68 192 298 291 306 
76 91 99 70 194 313 350 368 
91 112 99 67 195 296 301 326 
92 120 94 67 191 283 300 339 
92 120 85 63 214 287 282 406 
97 126 81 45 143 180 250 433 
105 128 83 43 136 146 161 465 
132 102 80 46 132 142 154 526 
131 83 90 56 149 157 152 559 
142 87 95 65 126 136 152 594 
156 85 91 67 126 130 129 604 
156 81 94 69 136 165 127 604 
148 81 103 70 139 176 118 590 
172 85 86 69 136 196 180 651 
194 79 82 58 126 201 182 605 
192 69 80 60 121 208 182 620 
199 76 79 63 137 180 179 655 
192 72 70 60 138 171 179 634 
185 71 65 60 142 130 116 572 
161 80 82 77 144 134 184 552 
160 91 127 75 154 125 198 510 
150 85 133 73 131 134 200 420 
157 83 134 74 132 140 205 437 
159 85 135 72 125 149 216 475 
161 82 129 55 122 171 167 486 
159 79 89 54 122 187 164 487 
164 79 78 55 129 202 167 445 
155 81 75 57 130 208 162 463 
139 75 71 51 116 204 144 396 
137 70 61 49 118 178 129 420 
165 65 58 49 109 167 117 478 
159 68 57 47 102 154 114 477 
153 65 51 44 119 177 214 450 
171 83 43 45 117 168 227 458 
170 82 43 54 123 182 234 462 
133 81 50 65 129 192 243 394 
133 80 48 63 130 197 251 409 
139 82 49 64 115 182 187 436 
117 76 53 72 158 251 210 431 
113 77 53 69 159 259 212 408 
116 73 43 60 178 263 208 434 
114 68 40 58 182 265 201 439 
109 71 43 59 186 298 212 372 
100 56 33 52 160 254 185 346 
109 66 36 49 152 247 183 344 
100 63 35 47 127 242 194 322 
98 61 39 47 128 252 187 301 
93 61 40 51 145 240 175 305 
102 66 42 54 164 255 166 347 
91 55 40 57 170 252 187 319 
96 57 41 58 170 244 197 304 
95 59 39 59 172 228 204 292 
91 50 34 54 155 199 193 403 
113 56 37 51 141 198 200 386 
118 52 34 48 135 190 177 395 
124 53 35 49 142 205 170 406 
125 56 34 48 141 233 209 405 
129 57 35 48 139 226 210 285 
101 45 33 46 132 216 224 276 
88 44 34 47 131 235 235 305 
71 44 34 45 124 228 219 312 
69 43 34 42 108 193 174 332 
66 42 34 41 113 200 177 342 
64 42 31 39 117 216 149 318 
63 43 32 50 162 241 134 272 
72 41 31 54 167 236 131 256 
67 42 34 66 199 273 186 223 
67 47 33 70 210 286 210 206 
68 46 32 71 214 267 210 261 
71 46 31 63 179 226 218 274 
68 50 29 61 170 225 215 274 
74 47 27 55 160 201 186 306 
84 46 28 57 151 183 207 354 
85 46 28 55 136 175 218 320 
82 47 28 57 142 179 201 312 
83 42 31 62 160 201 211 299 
98 44 31 62 138 185 201 334 
87 40 29 57 135 198 166 273 
95 46 30 56 137 197 151 308 
93 44 31 60 143 214 151 310 
90 40 31 53 127 201 141 308 
68 35 29 48 119 201 147 257 
70 36 28 51 112 174 137 268 
80 35 27 53 114 188 141 220 
79 36 28 46 111 165 142 222 
88 37 26 47 119 175 151 248 
91 38 28 47 118 169 153 259 
96 40 28 43 111 166 138 257 
76 32 27 40 101 147 143 253 
79 34 28 50 133 177 146 259 
73 35 27 45 120 146 124 250 
69 33 25 46 123 143 104 216 
64 31 27 45 123 144 100 235 
74 33 29 50 130 154 96 309 
77 30 26 40 85 125 87 307 
67 29 27 41 87 124 89 304 
68 28 27 40 82 119 93 338 
66 29 27 41 79 117 89 357 
60 29 26 36 68 98 68 308 
53 26 26 36 63 69 63 296 
60 26 27 41 64 69 64 284 
58 27 29 43 65 70 59 232 
58 25 28 48 84 63 62 161 
62 26 28 49 84 69 63 193 
65 30 29 49 83 78 74 228 
67 33 29 46 83 81 80 281 
72 33 27 44 83 79 82 349 
70 34 25 40 65 78 81 358 
63 32 28 41 67 71 82 335 
69 30 28 41 64 49 75 314 
71 28 27 41 69 83 73 284 
77 28 27 40 66 93 94 280 
76 26 27 43 63 93 95 275 
83 27 27 39 65 97 98 333 
78 26 26 36 63 102 118 343 
70 26 26 36 51 75 133 350 
61 26 27 38 59 71 127 318 
68 27 28 35 61 69 127 321 
58 26 25 33 55 63 122 298 
57 26 25 35 56 64 108 309 
60 26 25 38 59 70 93 312 
58 24 23 36 56 65 97 299 
55 25 23 35 55 70 144 297 
64 25 23 36 56 71 145 274 
64 26 23 34 58 67 153 258 
64 26 25 33 66 92 159 263 
64 27 25 34 66 91 150 280 
63 25 26 35 66 89 127 293 
61 27 28 37 64 90 133 278 
63 27 28 36 60 89 125 276 
60 26 27 36 51 57 120 290 
61 26 25 34 45 53 119 292 
55 28 26 32 45 61 121 280 
52 27 25 31 47 64 115 278 
53 26 25 30 51 72 119 323 
56 27 24 29 52 73 120 286 
59 27 26 27 53 74 129 283 
66 25 25 28 58 77 109 312 
65 26 27 31 56 84 121 322 
70 28 26 32 51 80 122 309 
75 30 27 31 50 79 111 354 
72 32 26 30 56 79 102 344 
68 33 25 31 55 85 162 317 
66 35 24 28 60 79 167 324 
55 33 23 28 65 84 177 310 
60 33 23 28 64 94 197 293 
65 31 27 31 74 108 202 333 
63 30 30 35 72 99 165 329 
77 29 30 37 70 95 155 389 
78 30 33 40 67 89 131 432 
73 30 33 40 68 87 99 411 
69 29 30 39 57 91 139 418 
74 33 29 35 64 93 154 439 
62 29 29 35 64 97 154 373 
64 31 26 33 65 97 156 308 
56 27 25 33 64 93 163 307 
66 32 27 38 68 75 129 301 
60 31 26 41 64 68 104 283 
59 34 27 41 68 84 103 304 
61 35 30 44 88 112 109 310 
71 36 31 44 87 109 104 320 
57 32 28 42 80 111 110 291 
75 31 29 40 79 112 107 300 
74 27 27 41 76 99 109 291 
73 24 24 36 50 73 122 312 
66 23 23 43 61 92 129 317 
68 26 27 41 68 96 118 344 
46 24 28 39 66 96 129 327 
44 26 28 40 65 95 126 320 
40 27 29 41 71 99 108 296 
47 31 34 38 87 119 117 299 
49 31 31 38 87 122 119 219 
52 30 30 39 87 124 105 208 
59 32 29 41 101 135 119 225 
57 32 29 42 99 133 119 212 
63 31 22 39 78 102 108 235 
64 31 23 43 75 91 111 283 
65 31 26 43 80 95 125 307 
60 31 26 39 68 90 133 289 
