34 23 27 31 53 34 38 30 
34 23 24 34 53 37 40 40 
35 24 25 35 50 37 38 38 
34 21 27 34 53 38 39 36 
35 23 28 34 57 41 41 36 
38 25 30 34 47 38 40 37 
40 25 29 33 44 34 39 28 
38 25 28 34 45 36 47 30 
34 24 28 37 44 32 44 31 
37 26 28 42 38 29 45 34 
40 25 23 40 41 32 46 35 
38 26 23 42 47 32 48 34 
37 24 28 40 47 30 41 34 
37 25 30 38 46 29 43 33 
36 24 29 32 47 30 41 33 
34 23 28 32 41 29 40 31 
34 23 29 30 37 29 37 30 
37 25 28 31 38 27 37 27 
38 26 24 34 42 30 40 31 
35 28 27 40 40 30 40 28 
34 27 28 40 46 29 40 27 
40 28 28 45 45 35 40 29 
41 28 24 46 44 42 39 28 
41 27 27 46 56 41 41 25 
41 26 24 43 55 42 42 34 
38 27 25 43 50 44 41 34 
33 27 26 38 48 39 41 33 
31 26 28 36 50 32 43 33 
33 26 27 35 33 32 42 32 
31 24 34 34 44 47 52 27 
39 25 33 37 52 57 53 28 
41 24 35 36 62 65 54 27 
48 25 35 49 87 95 78 134 
51 26 33 48 108 111 80 181 
58 28 31 57 147 143 88 199 
60 29 30 54 152 144 108 228 
60 28 28 54 155 149 124 238 
62 42 32 55 163 165 186 381 
68 52 38 56 153 169 270 381 
64 54 36 50 118 150 280 387 
58 55 37 51 112 147 274 373 
66 60 38 51 103 141 291 408 
76 63 38 42 78 121 315 297 
75 76 36 42 72 105 268 281 
79 92 47 41 67 100 295 269 
86 103 62 44 66 123 312 330 
92 112 67 45 67 138 314 339 
81 108 65 48 70 162 273 345 
83 110 64 50 70 168 320 374 
112 172 84 50 73 171 336 382 
135 230 99 54 82 206 535 421 
129 255 106 62 90 232 603 392 
127 260 109 63 79 224 660 442 
127 260 113 63 80 225 647 438 
104 223 98 65 82 229 655 465 
98 182 123 63 75 216 551 460 
101 148 124 56 67 198 540 457 
103 139 124 53 68 183 484 387 
100 130 121 52 70 180 484 389 
120 157 124 50 72 211 615 375 
116 319 154 54 76 249 713 356 
116 328 150 53 87 241 686 347 
117 336 153 51 94 251 693 334 
130 342 157 51 96 264 716 330 
137 391 190 69 104 238 626 361 
126 317 180 65 102 197 503 373 
129 332 184 74 96 197 490 382 
145 329 189 75 89 198 509 484 
144 352 201 79 95 250 611 534 
123 358 199 72 89 357 671 522 
144 326 187 86 87 434 745 504 
144 306 184 81 91 441 823 523 
130 305 181 100 139 463 841 527 
155 294 171 99 144 443 807 486 
158 233 159 91 149 379 726 473 
143 237 152 80 151 290 635 453 
142 225 149 77 151 300 592 524 
145 231 145 63 123 274 566 457 
113 206 137 67 113 302 511 438 
152 314 169 77 104 308 541 451 
155 326 163 100 126 356 642 468 
154 348 171 103 130 349 634 389 
151 346 171 102 138 383 630 360 
151 352 172 96 140 357 601 358 
107 261 143 93 139 339 590 367 
91 222 128 70 140 301 545 346 
93 186 118 71 160 297 469 315 
98 176 113 74 143 265 447 416 
90 156 111 80 144 269 432 429 
97 99 78 75 143 261 446 407 
104 113 81 74 126 243 414 402 
100 131 77 70 92 241 416 425 
92 135 143 58 93 207 393 326 
95 141 223 50 100 207 401 309 
97 139 233 58 112 213 378 342 
102 142 248 60 113 195 286 323 
105 126 250 62 118 177 279 289 
107 133 250 86 116 171 266 288 
116 201 189 92 108 144 297 306 
115 212 181 86 96 141 374 281 
105 209 161 85 109 155 360 286 
100 211 179 91 140 233 402 296 
111 211 141 72 144 245 410 337 
108 170 142 68 141 243 388 320 
106 179 143 80 144 251 290 313 
113 182 140 79 130 243 298 401 
126 184 117 74 124 226 263 407 
123 177 107 72 121 225 250 380 
122 181 103 74 141 265 296 378 
142 234 135 71 138 253 272 362 
137 250 159 85 141 248 261 347 
130 258 161 95 161 262 241 327 
125 264 177 96 162 268 247 330 
132 246 208 100 168 262 202 350 
137 188 227 116 215 382 241 382 
141 161 250 132 267 426 293 308 
152 146 265 127 273 462 298 344 
152 177 267 130 289 463 334 355 
145 178 249 127 303 461 324 328 
132 178 228 116 284 447 405 322 
137 169 186 94 254 437 408 439 
156 183 177 91 235 374 403 449 
153 140 159 90 250 441 394 434 
161 140 148 94 223 430 397 498 
157 118 149 93 214 349 288 526 
167 123 163 98 198 312 232 524 
138 92 143 97 207 313 251 506 
139 96 144 98 186 273 256 539 
135 105 173 105 198 282 266 555 
156 106 166 119 191 286 281 608 
139 102 163 111 200 296 296 553 
147 104 205 116 177 298 274 580 
153 108 209 119 175 248 247 572 
161 92 191 123 166 238 218 570 
139 85 172 109 175 249 205 483 
146 91 202 110 170 239 195 502 
141 88 189 111 162 229 197 522 
133 82 186 116 158 222 192 513 
122 78 180 98 145 219 195 479 
145 83 217 96 139 218 200 493 
136 81 212 109 130 221 191 517 
135 84 195 105 136 223 183 462 
155 80 236 96 118 220 178 524 
145 86 260 104 132 221 192 525 
122 93 243 106 134 212 207 514 
126 96 252 91 131 202 214 490 
127 92 258 87 131 186 224 495 
110 104 262 94 138 176 213 409 
128 114 257 97 154 199 216 405 
151 113 273 110 172 223 203 496 
153 106 250 115 192 243 209 448 
173 130 255 117 191 264 199 459 
173 123 225 123 206 276 230 493 
187 115 231 116 194 269 212 477 
166 114 221 105 199 303 218 406 
163 114 231 99 181 291 205 418 
138 96 250 105 200 297 213 420 
135 96 268 100 194 309 210 423 
94 88 247 109 213 361 236 418 
114 83 226 105 194 329 235 408 
134 107 244 116 203 347 266 463 
136 104 231 112 187 324 270 450 
138 101 196 106 187 312 280 403 
142 104 194 95 179 300 273 389 
128 100 234 101 184 294 268 334 
104 79 223 91 215 316 263 320 
106 72 206 88 221 336 256 330 
112 84 220 87 221 341 231 406 
120 91 226 99 207 295 224 415 
111 87 209 90 200 284 209 427 
113 80 186 86 158 255 191 374 
120 97 196 89 173 296 207 347 
109 93 187 89 177 320 209 253 
98 83 175 76 190 329 204 227 
96 82 141 76 201 342 220 218 
108 81 151 90 203 356 215 320 
91 57 137 89 183 324 218 322 
86 45 126 97 177 294 263 345 
84 44 124 93 162 277 256 339 
88 49 124 92 149 262 266 348 
67 40 92 75 163 298 386 300 
68 39 58 80 200 355 435 292 
82 40 55 63 182 341 405 293 
90 54 83 73 179 339 405 316 
96 62 85 76 175 342 398 315 
104 61 85 80 160 288 279 280 
119 68 82 75 114 200 175 361 
112 72 86 77 118 209 178 336 
108 71 67 78 144 229 183 310 
97 64 61 85 174 245 211 290 
95 66 62 82 166 230 207 284 
83 61 61 77 160 218 199 202 
88 55 55 75 167 241 198 203 
86 44 39 63 141 217 193 218 
90 41 38 54 115 182 134 239 
83 50 38 59 124 219 172 230 
74 49 53 63 129 211 177 201 
87 103 54 67 120 177 171 282 
102 113 56 72 117 178 172 279 
118 166 66 74 105 175 173 291 
121 174 97 77 96 129 138 303 
122 182 96 73 82 117 122 307 
112 164 96 68 81 115 115 242 
101 160 97 63 90 123 101 235 
107 138 94 55 85 122 98 230 
107 130 61 51 82 110 82 232 
108 131 73 55 84 106 79 247 
109 129 77 56 76 99 78 237 
105 132 77 61 67 72 83 249 
78 102 73 64 65 82 93 233 
76 105 76 63 84 79 89 207 
93 118 61 60 84 81 88 170 
96 147 88 63 82 81 88 245 
100 148 92 60 79 80 93 239 
108 157 92 57 80 71 86 308 
110 158 89 48 57 72 84 306 
96 143 87 46 56 69 83 323 
97 117 55 48 61 67 82 294 
105 153 57 47 63 64 73 320 
97 145 66 46 61 60 67 275 
94 150 68 46 54 51 71 282 
90 147 66 48 52 65 71 268 
79 146 64 38 48 66 70 313 
66 113 54 42 49 62 71 293 
74 124 44 43 57 61 75 273 
85 126 44 46 64 71 85 282 
87 129 42 46 63 69 89 290 
96 123 41 46 65 65 91 242 
96 129 42 44 61 67 85 225 
87 112 40 42 55 67 83 236 
75 97 39 39 54 70 70 219 
72 91 39 40 56 61 68 201 
63 94 40 39 54 65 69 204 
69 101 47 40 55 69 85 224 
77 107 45 41 58 72 87 196 
111 128 50 40 52 61 91 200 
117 132 49 37 50 63 92 216 
120 131 49 42 55 65 91 193 
114 109 39 37 54 58 83 187 
113 105 39 39 48 57 80 232 
83 76 33 39 49 54 78 257 
76 71 35 39 51 50 76 242 
70 73 36 37 50 44 73 227 
68 72 36 40 49 56 67 232 
64 67 35 35 52 55 73 211 
60 63 31 39 53 66 74 189 
62 78 30 38 55 65 71 187 
66 70 30 38 53 62 67 191 
67 69 31 35 54 55 71 186 
65 68 30 36 55 56 67 182 
66 67 30 38 52 44 64 180 
61 47 33 39 49 46 70 182 
52 38 31 39 53 53 70 182 
54 53 32 39 50 50 64 164 
63 65 31 40 48 48 62 175 
59 66 35 34 49 49 58 163 
62 67 32 36 49 57 57 170 
74 75 33 35 45 53 56 166 
78 64 34 34 47 57 73 204 
71 63 36 36 44 54 76 180 
69 62 32 33 43 55 79 186 
68 63 33 34 49 53 77 178 
55 52 31 35 54 56 79 188 
46 49 32 35 53 50 75 162 
44 35 33 34 61 65 71 160 
43 34 35 34 64 68 65 145 
43 30 33 38 65 68 62 137 
42 29 35 35 59 73 61 131 
42 28 33 37 59 79 56 132 
40 27 31 33 49 67 58 129 
47 42 29 36 46 64 59 137 
50 46 30 27 38 58 60 161 
54 47 27 31 38 63 70 171 
51 47 27 30 37 57 73 160 
54 46 27 35 41 64 75 159 
46 33 27 32 45 66 77 165 
43 29 25 36 49 75 76 144 
36 28 26 34 48 74 73 139 
40 27 26 33 46 74 66 158 
42 26 27 35 47 71 65 183 
41 24 28 38 46 75 64 171 
43 21 28 34 45 68 64 169 
45 21 30 36 44 69 63 169 
44 22 30 38 48 74 69 168 
44 22 30 36 51 72 68 147 
45 23 28 38 51 67 68 160 
45 25 31 37 52 65 75 172 
43 26 29 34 53 63 72 163 
41 29 32 31 49 59 69 182 
40 30 31 29 46 63 66 170 
61 31 31 26 45 64 72 172 
65 31 29 28 41 63 66 175 
64 30 30 29 41 58 65 183 
64 27 26 31 46 63 66 149 
63 26 27 32 41 62 76 193 
45 27 31 31 39 64 70 186 
40 26 29 32 38 68 73 175 
49 29 29 32 39 65 72 164 
51 30 29 36 37 61 70 166 
50 29 26 35 46 56 56 129 
49 27 28 36 53 58 54 128 
47 26 28 35 53 57 48 124 
39 27 29 36 54 59 50 136 
41 27 29 36 55 57 43 159 
39 27 32 37 51 60 47 159 
