22 23 24 44 34 27 24 24 
22 23 24 44 36 26 22 22 
19 23 22 36 35 25 21 21 
22 31 24 42 34 24 21 18 
25 31 24 42 31 24 20 20 
27 30 24 41 29 25 19 19 
26 32 25 41 29 22 19 19 
39 37 29 44 30 24 20 20 
38 31 27 36 34 23 19 22 
36 32 29 29 33 22 20 22 
37 32 28 28 34 23 22 22 
38 31 29 29 35 23 20 23 
27 27 33 27 35 22 22 23 
28 28 34 26 33 23 24 23 
30 39 35 27 34 23 24 24 
27 41 35 29 34 26 22 26 
29 42 34 28 39 50 29 27 
29 41 27 26 43 59 31 27 
28 44 30 31 60 79 38 32 
35 44 33 36 82 124 98 83 
37 42 34 41 94 144 122 173 
36 42 37 47 111 179 134 180 
43 45 38 52 124 200 149 197 
47 50 34 51 138 210 178 217 
40 63 36 48 127 190 163 217 
50 65 36 48 139 196 166 168 
57 67 34 45 136 177 168 212 
53 66 35 41 127 151 166 210 
56 61 35 39 104 127 146 214 
62 77 34 37 105 130 152 211 
61 84 33 33 78 98 144 210 
58 83 33 30 60 81 152 177 
58 84 31 31 50 88 153 247 
60 86 33 33 59 119 232 258 
54 55 26 33 56 123 234 256 
53 58 28 32 52 123 230 249 
77 64 47 35 52 115 251 254 
82 65 47 35 54 125 285 199 
77 64 47 34 40 101 260 161 
81 64 48 33 39 92 257 153 
90 66 48 35 43 125 413 213 
79 89 36 28 40 142 463 221 
86 120 78 27 44 137 468 243 
90 126 79 25 45 146 508 260 
97 138 83 28 49 157 541 264 
89 133 84 27 58 199 549 239 
92 133 90 30 59 243 654 265 
81 115 64 30 61 256 662 230 
96 161 104 32 61 258 660 211 
92 161 107 34 66 275 687 218 
93 188 108 36 57 261 730 247 
100 234 122 41 65 231 621 204 
101 239 127 42 66 230 669 230 
89 216 104 47 70 235 677 242 
90 260 116 45 66 246 708 272 
108 261 161 47 69 235 638 278 
111 229 159 46 61 227 643 291 
111 225 159 46 67 271 706 292 
138 290 159 51 77 327 765 315 
147 293 171 63 82 377 812 319 
141 286 141 65 85 384 812 283 
133 290 137 66 86 386 804 272 
160 309 155 78 92 399 756 293 
139 246 152 71 87 358 689 263 
141 192 135 70 91 288 575 242 
156 241 152 84 92 331 626 282 
159 230 162 86 97 375 635 305 
136 202 142 81 164 403 608 341 
143 209 166 85 167 418 584 349 
166 247 184 91 171 463 584 494 
165 193 169 81 177 456 519 546 
168 187 153 80 193 473 670 550 
170 197 152 76 141 433 632 577 
173 271 157 77 152 461 660 598 
144 237 128 67 152 429 646 526 
145 258 120 61 161 410 609 505 
153 272 128 59 142 366 409 548 
150 268 152 65 164 363 394 486 
139 209 121 60 159 299 352 481 
147 231 176 57 150 287 358 460 
120 205 180 64 150 273 346 398 
98 192 183 63 155 240 349 340 
105 195 176 70 165 235 405 342 
104 173 178 77 167 258 387 297 
87 211 156 78 167 243 351 240 
118 271 154 72 151 224 345 232 
119 305 165 71 140 226 359 239 
111 319 154 54 101 183 303 210 
116 321 152 43 87 170 284 213 
117 292 135 49 82 165 294 229 
92 294 142 68 90 168 288 263 
87 256 114 70 106 191 255 209 
84 232 107 71 98 203 297 206 
75 243 120 72 92 175 284 218 
78 227 100 67 92 167 274 302 
74 154 84 47 87 163 261 288 
78 160 85 45 77 124 247 308 
77 167 102 44 71 131 170 350 
77 140 93 42 76 132 168 351 
69 140 95 36 76 135 172 269 
75 140 96 34 73 134 171 257 
75 124 95 33 58 128 163 230 
75 111 76 32 67 97 135 181 
78 118 63 29 62 94 129 162 
80 129 107 279 106 97 132 155 
67 110 109 301 113 97 138 148 
61 103 108 307 130 116 190 143 
59 101 109 313 143 137 232 161 
56 83 108 315 165 204 379 193 
55 51 58 157 146 225 386 243 
62 47 46 115 145 233 390 267 
93 57 46 97 136 235 380 307 
104 72 41 78 127 240 363 306 
120 152 39 72 104 209 243 311 
124 184 39 60 104 188 241 302 
135 207 85 88 102 176 229 421 
160 234 123 99 108 176 218 435 
160 232 130 101 128 209 239 445 
167 191 137 100 138 221 215 447 
191 174 140 103 139 219 188 530 
202 169 137 84 148 246 194 484 
249 130 116 79 143 271 181 478 
259 195 110 75 117 235 136 469 
252 202 106 77 139 232 131 543 
236 199 128 76 148 247 129 503 
233 182 119 74 166 257 158 518 
154 178 116 70 168 228 157 522 
144 99 118 70 171 224 168 517 
190 87 118 67 154 196 181 580 
190 75 94 62 143 196 186 552 
205 91 121 62 136 199 177 583 
203 110 201 65 144 198 176 568 
212 109 204 66 146 198 168 602 
176 105 204 69 150 258 152 457 
177 103 205 75 161 252 160 451 
163 94 186 68 146 238 151 338 
180 87 94 65 142 247 158 335 
179 88 83 64 160 251 165 338 
176 93 84 77 178 228 238 369 
185 93 80 70 176 227 236 418 
181 84 83 66 182 256 243 454 
165 65 77 74 194 264 246 459 
150 64 84 75 194 303 254 451 
147 60 82 63 195 291 205 436 
155 59 82 70 222 335 244 399 
147 62 100 79 241 338 272 363 
147 65 103 68 228 323 298 440 
142 63 98 70 220 295 303 429 
154 61 107 67 215 325 300 433 
138 62 111 68 199 314 270 405 
145 60 117 97 195 292 241 402 
139 57 113 100 205 304 223 320 
143 53 119 101 213 317 217 296 
129 51 121 102 203 309 207 275 
150 49 115 98 187 302 230 279 
148 60 87 61 153 282 222 318 
151 62 88 72 148 276 207 341 
145 62 83 78 143 290 232 341 
143 66 67 84 148 274 231 420 
151 68 71 84 148 240 208 446 
143 54 65 84 146 237 203 432 
145 50 60 78 156 242 202 406 
147 56 67 70 145 212 181 414 
159 54 82 67 146 211 213 356 
122 51 85 67 166 237 225 339 
113 51 88 67 169 241 236 415 
110 53 88 63 165 240 234 410 
111 46 81 67 176 233 229 387 
100 44 63 61 161 212 213 362 
103 44 51 61 137 202 195 360 
111 41 49 62 138 207 182 239 
109 43 44 60 120 198 179 232 
103 44 40 54 98 184 162 219 
94 39 35 55 88 178 140 219 
91 42 36 54 106 175 141 190 
88 46 32 50 111 198 156 173 
82 42 37 48 116 188 144 189 
81 47 33 54 112 178 138 203 
86 51 36 59 135 200 160 216 
90 48 36 58 122 181 161 246 
91 47 42 62 136 169 201 336 
105 52 42 63 140 187 212 328 
108 49 48 69 174 221 227 316 
104 46 46 61 163 212 209 313 
99 46 46 65 175 226 215 309 
96 41 40 67 179 240 195 255 
82 36 40 72 204 269 226 258 
80 33 32 61 179 248 217 278 
78 33 37 66 174 236 217 281 
72 34 36 66 174 251 215 266 
91 37 36 61 158 238 193 300 
102 35 31 54 114 190 181 299 
100 36 35 62 113 189 179 286 
110 48 32 56 109 186 174 289 
113 51 40 62 118 165 166 292 
88 50 40 63 122 151 158 211 
85 50 41 61 120 144 109 233 
81 50 41 53 120 142 101 245 
68 39 40 55 120 142 104 240 
69 41 33 42 84 102 85 245 
73 44 31 39 54 72 77 249 
64 45 39 38 58 95 81 230 
71 44 37 46 102 128 100 224 
69 65 40 46 106 129 104 212 
67 67 44 45 111 132 103 192 
68 68 45 47 113 135 109 224 
65 68 37 47 113 121 109 220 
64 81 39 46 75 84 96 217 
82 81 37 44 68 79 86 225 
86 77 35 44 59 72 86 274 
82 79 34 44 55 64 81 252 
81 89 37 43 45 53 70 247 
84 102 31 35 33 41 75 242 
70 101 39 44 35 41 83 302 
79 114 42 43 38 41 86 271 
90 130 44 45 40 50 89 260 
91 124 44 44 43 53 86 251 
87 108 44 46 41 51 76 286 
90 101 43 37 37 49 83 264 
77 90 37 38 40 49 86 312 
64 76 37 34 37 38 85 318 
78 78 35 32 36 38 89 320 
88 77 39 32 37 37 86 295 
89 82 35 35 37 34 70 257 
91 80 34 35 34 40 95 187 
95 69 38 36 38 42 125 201 
90 68 37 35 37 37 124 208 
81 68 36 34 37 36 124 222 
73 62 37 32 41 36 126 224 
67 57 37 33 41 32 106 233 
60 53 34 32 37 30 75 226 
49 48 34 34 39 34 73 253 
64 50 32 32 39 40 73 239 
72 56 31 31 35 39 78 246 
80 57 31 28 31 38 84 285 
81 58 28 27 30 37 79 304 
83 60 28 26 31 42 83 287 
75 55 28 25 31 39 84 311 
68 45 26 26 31 40 77 324 
60 43 27 28 32 39 64 280 
69 54 29 29 32 39 62 273 
66 54 29 31 33 40 60 274 
63 52 29 32 36 48 64 270 
71 49 27 29 40 56 76 257 
76 52 31 26 42 71 88 312 
82 39 29 29 44 85 101 364 
81 36 30 35 67 101 118 357 
86 36 30 34 67 108 136 340 
83 36 31 37 67 109 162 367 
88 34 25 41 68 104 182 353 
79 32 26 40 74 112 215 317 
82 34 23 34 53 96 208 339 
79 35 25 35 53 87 203 453 
74 32 23 36 57 91 210 456 
66 31 25 36 65 100 216 463 
91 38 27 36 62 92 174 481 
88 36 27 38 63 94 174 473 
84 33 26 40 95 111 179 403 
88 36 28 40 97 110 151 426 
106 36 26 36 91 108 156 480 
86 31 29 34 92 116 160 459 
100 34 29 34 98 124 160 495 
108 36 30 33 76 119 171 503 
107 34 29 31 77 124 178 478 
106 35 30 33 80 117 152 440 
105 36 26 33 79 107 150 423 
94 33 29 34 73 98 162 425 
90 33 29 33 68 104 164 448 
94 34 29 34 58 101 178 452 
76 32 28 38 72 113 177 466 
79 33 27 39 71 113 188 505 
82 35 25 38 71 111 179 475 
76 34 23 39 71 112 212 429 
79 35 25 40 82 116 192 429 
76 33 25 34 67 104 189 389 
70 34 27 40 71 122 196 351 
66 32 26 37 74 138 199 365 
75 32 27 37 75 131 154 352 
62 32 26 36 62 118 158 347 
67 34 27 39 87 162 200 345 
64 30 26 36 96 158 186 331 
63 32 27 36 95 152 185 326 
54 31 27 36 102 159 181 349 
57 30 29 37 110 163 182 349 
59 28 28 34 100 125 133 334 
60 28 27 32 88 110 135 328 
61 28 25 32 90 100 130 308 
63 27 24 30 80 96 126 314 
67 27 21 27 73 113 137 293 
59 27 21 27 64 112 135 271 
59 28 23 29 73 115 135 282 
61 27 23 30 75 120 145 302 
60 29 27 34 90 121 150 253 
56 30 29 37 93 110 138 235 
62 32 29 37 91 110 142 282 
61 33 28 35 89 112 135 290 
55 32 28 39 85 105 120 274 
55 33 27 38 75 110 129 277 
