48 24 25 26 32 32 27 28 
46 22 22 27 30 30 27 27 
34 22 22 27 29 31 29 29 
34 21 22 25 30 26 27 28 
38 23 19 23 27 31 27 28 
36 23 21 23 24 32 26 25 
38 23 20 26 24 32 31 26 
35 21 19 25 27 30 31 23 
40 21 18 25 27 31 31 23 
38 22 21 27 28 26 31 24 
38 22 23 27 31 26 30 26 
35 23 25 22 31 27 25 26 
36 25 25 24 29 27 27 27 
33 27 24 23 32 28 32 27 
32 25 26 21 34 29 34 28 
33 25 25 20 34 29 36 29 
37 23 21 19 35 34 34 29 
37 23 21 20 35 37 35 28 
35 20 24 19 31 36 31 27 
32 19 20 19 29 38 30 26 
30 19 24 25 28 41 30 23 
26 22 26 25 26 38 33 23 
25 20 25 28 26 38 28 23 
29 22 25 29 25 37 32 25 
30 23 27 32 30 34 30 26 
35 23 25 28 29 30 30 25 
34 22 25 28 29 29 30 26 
35 24 27 25 30 25 35 26 
44 24 25 24 29 24 31 27 
50 26 22 21 29 24 34 28 
48 26 24 35 63 82 55 35 
49 30 31 46 94 140 99 70 
48 30 29 46 96 148 106 73 
46 42 31 46 100 152 119 169 
43 45 35 49 125 186 138 207 
47 46 34 45 138 196 153 211 
57 46 27 35 125 174 197 226 
77 93 33 36 130 176 264 250 
77 94 38 36 129 174 268 207 
77 97 34 36 106 147 279 194 
78 98 36 30 71 128 312 238 
81 105 43 39 62 117 318 252 
74 78 41 39 48 110 290 246 
75 72 36 41 48 113 289 280 
79 74 38 39 46 105 304 282 
80 103 42 40 45 87 302 297 
73 117 35 33 41 84 300 281 
67 121 42 32 43 86 335 294 
63 140 82 31 39 84 341 275 
60 143 85 33 45 110 433 275 
74 133 84 32 43 122 435 235 
80 124 86 30 43 131 475 248 
85 134 87 29 44 135 471 222 
85 114 51 28 51 150 529 251 
87 111 49 34 72 197 594 360 
85 149 63 38 74 203 636 351 
81 187 105 39 80 207 622 365 
83 180 109 40 80 236 653 385 
85 191 111 43 86 250 691 369 
101 229 139 36 73 221 643 317 
91 211 140 38 73 229 673 339 
108 226 188 51 72 223 681 327 
103 232 192 51 75 204 657 306 
101 235 220 57 76 209 694 297 
84 207 205 62 93 202 684 238 
95 210 205 63 92 194 664 250 
93 157 152 58 92 200 650 235 
103 172 185 63 91 209 672 249 
121 201 174 63 88 198 626 320 
121 204 175 65 87 198 618 310 
127 201 177 64 93 247 579 294 
113 210 168 58 93 239 558 302 
119 200 135 57 104 223 564 342 
123 187 118 52 108 215 483 300 
129 172 112 46 97 214 438 344 
118 184 112 54 98 197 473 338 
137 198 126 54 97 209 508 405 
134 209 114 53 87 220 448 375 
125 206 103 67 109 226 441 370 
121 207 107 71 121 244 437 341 
121 187 98 68 138 246 370 351 
108 227 107 69 141 254 336 284 
96 209 105 70 142 249 314 310 
86 186 102 55 126 241 293 288 
101 197 102 47 112 227 260 325 
99 196 100 44 87 181 316 326 
96 126 62 44 87 153 318 315 
94 120 57 43 87 157 320 268 
92 124 51 45 78 147 315 282 
75 149 98 49 76 131 333 272 
73 154 106 60 80 158 417 299 
80 153 105 61 74 165 474 289 
90 155 107 62 66 151 497 294 
102 162 112 63 70 155 509 329 
109 152 72 64 83 157 626 303 
111 160 58 59 97 147 570 274 
101 166 59 66 96 137 525 404 
95 202 83 63 96 145 519 400 
94 251 82 63 99 157 557 405 
85 238 81 61 110 172 406 396 
90 230 82 55 99 158 348 414 
92 218 85 42 97 156 318 288 
94 184 62 40 98 140 283 286 
83 92 55 33 90 115 183 234 
93 78 49 31 66 104 158 241 
95 75 47 37 95 144 177 234 
92 68 38 36 105 169 229 223 
85 57 30 39 111 172 254 224 
81 46 31 41 125 185 433 212 
70 43 31 44 146 225 547 202 
55 35 28 39 131 232 570 145 
56 60 34 43 145 217 613 201 
67 105 34 42 146 248 831 332 
65 108 33 42 136 243 784 367 
73 111 39 45 112 199 800 539 
105 119 43 52 121 172 867 601 
114 119 44 55 105 188 853 621 
123 90 62 56 98 161 654 572 
143 147 78 58 102 162 626 610 
149 152 98 69 116 186 543 503 
132 151 114 65 120 188 413 517 
142 148 153 68 128 173 354 500 
136 155 196 75 137 165 352 547 
124 101 199 79 144 162 382 510 
133 94 194 71 134 165 352 532 
136 89 188 72 124 147 340 499 
137 88 163 81 108 166 412 516 
155 74 114 85 105 166 413 548 
157 81 103 82 89 165 365 558 
159 108 99 82 94 149 378 535 
160 109 93 81 101 150 386 510 
147 106 86 69 122 171 311 483 
129 104 150 61 119 179 271 456 
124 100 158 65 118 178 292 422 
105 72 158 59 129 181 350 458 
106 89 160 61 122 178 382 488 
109 94 172 61 114 159 388 497 
112 101 234 83 119 170 403 464 
110 107 244 84 121 179 411 466 
112 104 249 99 128 177 421 436 
117 92 250 100 132 200 449 437 
128 88 289 107 141 235 511 419 
129 82 212 95 135 230 513 461 
137 74 202 92 156 239 506 483 
139 77 204 81 144 251 484 476 
141 72 230 84 142 251 420 512 
137 73 189 92 185 256 381 523 
138 66 180 86 191 256 399 507 
132 66 168 84 176 255 393 482 
136 64 171 80 171 260 346 493 
124 60 131 77 206 272 383 440 
117 52 97 58 177 241 336 431 
115 58 99 56 170 232 305 386 
109 53 118 68 168 220 323 414 
102 51 105 71 171 197 306 382 
111 51 105 73 121 181 266 394 
108 49 107 72 92 163 302 396 
109 44 102 71 100 185 305 414 
138 58 80 58 100 180 281 430 
131 58 66 51 101 191 291 427 
123 61 69 47 105 184 272 393 
121 62 59 43 129 232 243 387 
117 62 56 50 130 257 258 351 
83 49 52 54 161 324 305 329 
83 48 57 57 162 321 311 360 
87 49 67 65 162 312 314 331 
99 60 106 79 144 285 318 340 
91 57 108 80 141 255 309 378 
97 57 109 79 110 197 269 395 
99 56 110 80 99 186 251 373 
92 50 101 75 101 207 259 394 
77 41 62 57 102 203 271 386 
80 42 59 53 102 202 253 389 
91 63 61 57 136 207 290 340 
89 64 58 56 151 220 306 312 
94 66 58 57 155 237 342 302 
96 63 56 61 168 245 320 300 
93 63 52 59 168 246 320 246 
81 40 49 55 141 222 286 280 
79 38 41 53 130 225 286 279 
71 33 39 52 131 213 275 268 
77 34 39 48 107 196 291 314 
77 39 42 47 100 185 291 301 
74 36 36 44 107 194 286 303 
79 37 36 47 133 212 294 332 
78 37 36 47 129 192 256 341 
70 38 37 55 136 201 231 295 
82 35 35 61 143 206 229 314 
87 46 52 72 172 218 234 319 
88 48 54 70 158 204 218 297 
86 46 53 68 152 194 227 274 
93 52 52 64 147 185 273 278 
108 52 50 60 149 182 280 305 
107 51 38 45 112 155 274 291 
103 50 35 43 96 131 262 286 
109 53 34 41 94 127 248 348 
120 46 33 39 89 115 208 396 
98 45 34 43 108 124 200 371 
88 46 60 50 104 130 185 385 
93 48 65 50 109 122 169 400 
97 46 65 51 116 126 168 360 
78 47 65 52 118 128 154 359 
79 47 65 49 94 116 141 362 
80 37 39 41 88 90 130 319 
80 36 31 41 81 82 123 309 
78 35 31 39 70 78 110 309 
75 33 42 36 62 66 87 276 
78 33 41 33 64 67 71 265 
77 33 43 32 63 85 68 281 
69 31 43 33 69 94 68 265 
62 30 44 34 71 101 66 250 
61 31 34 36 76 102 62 253 
51 27 37 37 63 92 63 248 
67 31 37 41 63 80 62 228 
68 29 37 39 56 69 56 222 
64 29 35 40 54 52 55 247 
76 32 33 40 48 48 57 233 
75 33 31 37 47 57 57 235 
61 28 27 35 51 74 68 276 
67 30 28 37 57 77 75 337 
68 30 29 35 60 82 77 324 
54 28 29 31 59 84 76 329 
64 28 27 32 57 79 71 348 
62 27 26 28 54 57 62 331 
66 29 25 27 46 65 65 372 
68 28 26 25 43 63 73 376 
72 28 27 26 44 86 83 424 
67 29 26 26 50 97 90 425 
72 31 28 28 47 101 94 423 
67 32 28 28 47 93 86 343 
64 33 30 28 46 94 83 347 
72 34 28 27 47 79 78 286 
71 31 27 28 43 67 97 260 
72 33 27 31 44 62 113 269 
82 30 28 33 48 67 132 348 
83 29 24 33 49 75 137 340 
75 28 24 34 44 67 134 322 
78 31 24 34 46 83 127 411 
73 29 28 33 50 101 139 414 
59 28 24 28 49 101 126 358 
65 29 27 31 54 136 195 371 
65 30 27 31 58 141 240 388 
72 29 29 34 75 147 242 317 
83 28 25 31 84 147 267 317 
81 28 27 38 88 156 289 334 
78 31 27 37 88 126 252 351 
80 30 27 36 86 124 296 335 
71 32 28 37 83 114 300 359 
73 30 29 39 78 110 271 435 
75 31 30 33 74 109 260 510 
76 33 34 39 76 103 284 501 
81 32 34 39 81 111 209 535 
83 34 33 35 69 105 207 515 
72 35 36 35 63 101 208 449 
74 35 35 36 72 119 228 392 
70 30 29 31 70 124 193 384 
80 33 34 39 75 134 232 344 
77 29 34 41 72 142 245 355 
75 28 33 39 70 140 246 351 
80 28 33 38 60 131 225 293 
84 30 34 38 58 143 262 288 
75 30 31 32 56 134 225 313 
85 33 30 36 68 127 211 324 
87 33 28 36 70 125 245 323 
80 32 26 39 70 112 244 322 
81 31 25 39 70 111 218 354 
74 28 23 39 64 109 217 352 
63 27 27 38 62 113 230 369 
62 27 25 40 76 150 199 354 
66 31 26 37 77 157 210 349 
65 34 29 37 74 147 195 319 
86 35 28 36 75 143 187 387 
86 33 28 34 73 139 180 361 
90 34 29 39 74 128 170 370 
89 34 29 45 82 123 146 394 
87 31 27 44 81 119 156 419 
62 32 32 43 81 123 156 315 
62 32 30 43 76 130 151 279 
60 31 30 40 65 114 147 268 
