22 24 28 36 29 46 51 26 
21 23 28 34 29 51 44 29 
21 23 27 30 31 48 37 27 
17 22 28 32 30 50 37 27 
20 23 28 30 29 49 39 25 
21 22 28 27 28 50 35 29 
21 22 28 30 27 49 41 27 
20 23 30 32 26 53 40 26 
24 24 31 31 25 53 41 34 
22 22 33 34 26 61 45 35 
20 25 32 37 28 54 53 31 
21 25 32 36 32 59 53 33 
22 25 30 35 33 60 53 33 
17 24 30 31 32 58 52 27 
17 29 32 32 36 52 47 27 
19 27 36 31 36 53 39 27 
23 29 35 32 32 42 29 26 
23 26 37 31 33 37 33 29 
25 29 36 32 33 36 36 30 
24 24 33 29 30 34 35 28 
28 23 29 31 27 37 36 26 
23 22 30 31 31 42 43 27 
23 24 30 31 29 45 41 25 
22 22 29 35 30 44 42 27 
24 22 32 33 28 45 47 29 
20 21 32 30 32 44 47 30 
25 23 38 28 27 40 47 29 
25 22 37 30 27 47 50 29 
26 22 38 31 45 65 61 38 
37 41 35 33 60 70 62 52 
38 46 33 41 60 75 82 55 
55 52 30 44 94 107 107 136 
56 53 26 45 106 129 130 150 
61 59 25 44 108 142 129 160 
64 50 24 46 106 155 165 237 
64 47 30 39 114 200 235 245 
53 40 28 38 98 216 246 225 
54 41 32 40 93 210 240 238 
60 58 33 39 86 198 244 237 
58 71 33 35 81 189 228 159 
60 75 29 36 69 148 164 159 
58 78 30 34 62 116 144 146 
62 77 24 32 52 116 207 160 
52 62 26 33 46 113 223 163 
44 47 27 33 47 112 232 172 
46 46 30 35 99 145 240 219 
47 40 30 36 113 163 258 231 
41 42 37 33 115 155 212 209 
45 55 39 32 117 156 199 216 
65 71 38 32 117 161 239 252 
69 114 46 31 80 127 324 227 
72 118 47 29 57 91 322 282 
75 123 43 29 56 92 339 285 
81 121 41 29 55 90 372 299 
72 137 96 35 53 105 413 267 
75 122 93 35 50 106 464 267 
85 153 109 34 47 120 515 205 
84 155 111 40 49 130 544 198 
79 155 113 40 47 141 543 159 
79 152 75 37 50 135 562 160 
77 146 75 38 56 131 513 137 
67 139 95 41 54 133 497 123 
74 142 100 43 57 144 504 154 
75 174 105 42 58 163 592 170 
72 177 108 45 56 166 625 181 
67 181 110 44 55 184 621 192 
63 181 111 44 61 188 618 192 
54 183 110 39 59 175 584 207 
65 174 108 55 62 183 502 223 
76 180 115 57 68 226 478 227 
94 198 117 59 67 258 475 234 
98 183 83 59 62 255 462 239 
103 190 110 60 66 265 468 215 
99 179 107 50 66 280 471 199 
92 172 104 51 71 256 501 236 
82 157 100 51 74 210 472 215 
77 157 101 57 80 250 494 266 
68 151 88 61 82 252 495 294 
78 185 136 64 80 243 534 305 
91 183 133 62 80 264 492 271 
103 193 135 67 85 288 520 289 
109 193 136 62 82 258 516 250 
115 191 126 61 79 247 519 226 
111 148 70 64 120 262 499 253 
102 173 93 64 119 240 460 256 
93 165 104 73 121 312 515 245 
89 172 104 73 121 322 504 298 
89 170 102 72 122 328 498 291 
87 170 100 69 115 322 447 248 
87 134 111 69 119 327 428 245 
93 193 106 53 114 246 341 333 
98 205 105 51 112 225 290 288 
98 206 102 54 112 237 279 285 
100 207 104 48 82 241 332 300 
113 275 97 52 82 227 346 400 
109 238 89 66 110 258 351 396 
120 271 170 69 114 270 392 415 
147 324 203 70 112 260 424 423 
150 336 209 73 124 221 413 419 
141 281 199 101 248 363 428 327 
135 270 199 97 245 343 411 250 
120 220 136 97 252 342 396 215 
89 121 79 93 258 366 361 207 
105 145 100 94 259 369 343 299 
109 158 105 63 198 296 332 300 
110 159 105 55 188 287 320 290 
118 161 106 52 179 277 301 277 
111 161 106 58 171 246 374 288 
93 106 69 62 170 272 368 194 
87 85 59 66 107 238 314 204 
109 123 88 76 124 252 314 269 
114 122 89 83 191 329 456 284 
153 141 101 83 206 331 417 269 
158 180 111 80 201 313 409 255 
155 180 120 78 241 306 419 247 
166 169 117 89 277 358 505 175 
188 205 149 92 248 319 495 166 
164 210 148 93 242 322 492 169 
164 182 144 97 296 412 553 170 
173 185 138 105 293 399 573 191 
178 236 146 98 281 413 549 254 
166 236 116 91 273 394 465 334 
163 227 110 96 306 406 478 336 
168 234 113 94 262 325 431 340 
172 279 112 87 237 342 418 340 
170 242 94 78 219 279 346 437 
182 215 91 87 215 290 322 404 
204 225 91 94 206 303 336 433 
228 215 86 95 196 291 296 460 
252 156 143 111 205 281 279 518 
251 146 188 122 226 356 377 443 
248 148 190 118 226 348 376 429 
261 125 219 113 189 313 327 512 
257 132 241 110 222 328 345 517 
249 126 214 102 232 376 352 469 
244 109 170 89 207 302 257 435 
240 111 179 96 206 299 246 444 
211 103 155 93 204 306 241 382 
184 95 122 98 196 339 248 385 
175 98 119 95 168 291 230 395 
173 113 214 96 156 274 228 467 
194 112 220 95 171 283 243 457 
198 115 210 95 179 295 251 495 
225 123 212 87 161 266 248 474 
220 130 212 86 157 259 233 456 
213 117 127 86 154 257 215 423 
198 106 98 84 151 279 224 494 
200 110 118 79 150 280 210 452 
180 100 161 86 149 284 186 494 
166 93 235 88 163 281 182 523 
191 97 247 101 192 317 247 547 
215 108 261 95 183 302 230 534 
208 101 256 99 181 289 246 500 
225 153 387 94 178 271 265 468 
233 172 359 85 166 272 267 432 
233 173 371 71 138 239 204 408 
199 168 365 71 146 240 208 361 
203 169 365 71 142 239 188 396 
182 130 204 75 135 270 153 378 
167 91 191 74 146 287 175 365 
144 89 208 80 161 300 198 398 
143 104 222 78 152 289 188 409 
130 102 223 73 152 299 197 387 
139 91 209 67 164 275 208 396 
140 90 200 66 149 249 178 399 
135 90 147 64 127 213 150 366 
127 93 197 74 133 211 156 349 
128 94 196 73 132 194 146 313 
100 96 196 87 166 268 223 312 
96 96 198 89 166 265 230 311 
82 91 200 85 170 279 232 246 
71 62 135 81 189 331 256 226 
75 62 179 87 191 343 263 241 
75 60 177 77 142 275 190 221 
72 56 179 71 149 293 219 237 
70 73 197 94 204 367 259 234 
86 91 211 93 187 324 233 284 
78 91 219 96 179 308 217 283 
79 89 225 93 198 316 249 275 
80 92 257 105 197 311 227 282 
85 82 259 85 145 205 186 314 
84 64 252 88 141 210 190 295 
86 62 217 85 151 230 203 296 
78 62 211 87 137 233 157 297 
80 60 175 82 129 215 147 291 
78 57 137 82 133 236 168 308 
60 47 108 73 137 224 173 267 
62 47 98 71 131 195 165 264 
66 52 103 69 132 192 187 291 
65 50 95 61 134 196 183 313 
76 43 95 59 119 163 155 282 
78 46 94 58 130 178 164 304 
76 46 94 61 187 254 197 289 
76 39 86 66 202 251 181 253 
84 51 80 68 200 245 179 244 
77 55 74 83 220 286 241 221 
82 56 79 97 224 303 249 187 
82 56 79 94 183 252 221 190 
87 67 81 93 159 254 221 203 
80 62 85 88 156 262 234 155 
77 66 71 73 135 217 175 177 
76 69 84 57 112 173 139 199 
76 70 84 51 93 167 131 221 
70 61 79 47 85 140 123 209 
80 58 72 53 88 135 101 226 
77 53 70 54 70 135 95 221 
74 50 64 50 58 133 91 239 
77 61 70 58 64 120 85 218 
79 68 73 59 72 126 77 230 
66 67 74 56 67 109 71 214 
63 65 119 59 69 112 63 203 
61 65 129 58 65 108 65 166 
60 79 132 58 59 96 61 161 
66 100 147 65 48 81 67 159 
73 104 183 67 49 79 66 198 
73 108 161 63 44 61 64 183 
75 109 149 67 45 63 66 233 
78 95 144 61 44 65 66 268 
75 81 130 52 42 76 62 278 
70 103 76 46 39 78 67 282 
77 166 68 46 39 77 64 292 
77 174 63 39 38 73 60 252 
68 178 68 38 36 72 54 219 
62 175 61 33 34 58 52 194 
70 166 56 32 36 51 47 153 
69 105 53 25 32 52 58 154 
66 89 49 31 35 51 57 172 
65 79 39 29 35 49 62 176 
70 76 37 32 38 46 63 178 
61 62 34 33 40 45 59 180 
56 49 30 32 41 43 51 168 
60 47 30 29 41 43 56 186 
67 61 32 32 41 45 54 187 
62 58 34 37 39 49 50 196 
59 66 35 41 40 50 54 194 
58 67 35 40 38 52 51 186 
59 66 36 39 36 51 48 171 
73 79 34 41 39 54 51 220 
94 111 30 44 39 52 54 219 
103 114 28 41 34 51 51 218 
108 128 31 45 37 53 56 222 
104 130 30 44 37 53 60 210 
94 131 30 40 33 49 56 194 
78 116 36 33 30 51 54 212 
67 110 37 32 33 52 58 205 
66 95 36 28 30 47 52 200 
67 92 37 27 28 47 49 190 
64 68 36 29 34 46 48 149 
61 43 32 29 39 43 56 144 
61 46 39 29 39 50 67 191 
56 49 39 28 41 48 71 192 
56 50 39 32 41 50 72 209 
62 51 39 32 40 52 71 239 
