19 23 19 23 25 24 22 21 
20 22 19 24 26 24 22 22 
20 23 17 25 25 21 22 23 
20 21 18 24 27 20 20 23 
17 22 16 24 24 22 20 22 
18 22 16 24 22 23 20 22 
20 22 15 23 23 24 20 20 
18 20 16 23 21 26 21 20 
18 20 15 23 19 24 22 20 
20 17 15 23 20 21 22 21 
19 18 16 23 20 22 21 20 
17 18 18 24 20 23 21 20 
17 20 18 21 21 23 20 17 
16 20 22 19 20 22 21 17 
17 19 23 18 20 23 20 15 
16 22 24 18 20 21 20 17 
20 21 23 18 19 20 21 17 
21 22 22 22 21 22 22 20 
21 23 27 22 22 23 22 21 
19 23 27 24 22 23 21 21 
19 20 28 24 20 24 21 21 
18 21 27 24 22 24 20 21 
18 21 27 23 20 22 19 18 
19 19 20 23 21 24 18 16 
19 21 19 22 20 24 19 17 
19 21 18 23 21 29 19 16 
19 22 19 28 31 59 49 23 
22 22 21 31 75 90 52 30 
23 24 21 31 84 97 57 56 
25 24 20 34 91 113 63 69 
26 24 22 43 145 177 94 83 
36 38 41 51 176 238 106 86 
77 89 70 54 168 240 124 108 
82 91 72 57 174 246 138 113 
85 95 74 57 181 245 184 123 
85 97 76 53 151 214 183 115 
84 95 67 44 120 151 178 118 
53 51 39 37 113 133 175 112 
46 48 33 37 105 133 166 106 
42 39 30 37 96 137 122 90 
41 37 29 38 93 137 112 104 
42 30 27 36 83 125 119 128 
37 26 24 35 85 129 129 125 
35 24 25 32 77 112 133 121 
43 40 29 28 64 104 123 132 
43 44 25 24 50 103 127 139 
50 62 27 25 55 102 157 116 
55 70 31 26 52 100 160 115 
57 78 31 27 49 102 164 114 
52 72 30 28 48 91 170 101 
56 77 31 28 45 74 192 117 
58 88 30 26 31 66 182 148 
73 102 31 27 30 63 176 141 
74 96 30 22 28 57 181 144 
75 97 30 24 38 101 204 147 
74 96 31 26 44 109 214 155 
73 89 33 28 48 113 271 177 
63 103 42 32 51 116 291 180 
76 119 41 33 53 121 288 178 
81 123 41 32 49 100 287 176 
80 133 76 32 44 85 377 190 
77 166 109 32 45 86 417 179 
85 163 114 30 45 94 476 201 
78 169 117 30 48 92 494 204 
78 170 117 31 47 105 617 254 
80 189 120 33 52 198 692 290 
88 172 97 32 49 218 693 288 
85 167 86 34 48 248 769 285 
95 163 84 35 49 264 827 298 
106 198 96 35 53 258 767 292 
115 244 122 37 53 211 726 262 
110 247 122 39 54 198 713 254 
111 250 127 39 56 167 613 249 
111 253 127 50 122 243 631 285 
119 266 143 63 127 252 653 314 
111 226 115 65 128 273 627 298 
132 263 114 67 129 296 633 329 
135 260 108 69 136 297 645 342 
141 262 135 73 116 290 612 345 
133 254 144 67 114 307 607 354 
138 240 138 82 138 297 686 441 
118 186 136 82 157 322 662 431 
115 184 146 81 162 356 694 428 
108 184 125 77 150 316 644 407 
105 181 88 74 148 301 611 414 
106 180 86 63 150 310 451 342 
112 197 137 66 150 343 468 347 
138 222 145 76 149 324 396 407 
147 217 148 78 153 339 414 467 
144 184 150 88 167 344 430 425 
138 209 168 97 204 349 445 408 
152 288 178 123 307 392 491 395 
125 374 167 120 312 446 502 367 
135 391 172 133 382 571 614 374 
135 411 195 150 426 607 626 379 
142 414 272 148 410 648 649 380 
138 404 273 132 344 588 613 374 
133 316 282 136 354 554 594 354 
105 300 306 131 291 448 456 271 
108 275 301 113 222 396 396 251 
118 293 230 104 204 300 341 249 
108 262 222 99 194 311 338 263 
117 270 219 91 169 321 319 255 
123 276 186 73 144 281 305 227 
131 286 178 68 128 269 303 259 
119 251 182 76 151 330 368 301 
113 203 148 72 143 326 332 297 
116 190 139 69 134 284 316 276 
107 177 161 73 131 269 311 291 
91 156 150 63 149 299 320 270 
81 147 151 54 130 237 260 218 
79 151 151 50 135 213 259 201 
61 134 145 54 161 258 340 199 
59 107 104 47 156 262 348 164 
60 147 122 47 138 228 341 177 
80 148 95 56 135 237 350 226 
85 168 117 62 133 328 365 231 
91 186 119 56 92 297 346 291 
102 207 120 57 82 290 343 352 
102 185 111 63 83 291 359 368 
102 196 176 63 93 277 332 355 
130 187 220 88 128 220 329 375 
132 171 243 105 135 219 279 384 
141 166 245 110 138 225 276 446 
152 165 265 108 142 222 274 554 
148 151 245 105 143 221 277 558 
127 139 233 86 161 278 271 582 
154 160 213 79 161 290 257 591 
168 168 229 76 161 289 251 555 
183 169 209 74 163 294 249 571 
191 176 201 72 193 321 264 591 
193 180 185 84 169 241 241 570 
178 163 205 81 173 243 244 544 
166 136 189 81 176 234 239 536 
150 128 200 85 175 237 251 429 
152 106 195 90 167 285 258 393 
153 104 183 77 145 270 255 400 
149 100 174 71 142 287 251 421 
154 108 181 71 149 329 268 411 
152 119 196 72 159 343 257 366 
154 118 189 66 132 284 232 413 
152 107 174 63 148 314 252 411 
158 113 207 77 158 300 251 448 
153 102 208 74 149 266 270 461 
152 83 178 73 143 263 254 471 
150 78 182 79 160 297 281 453 
150 80 183 89 157 284 271 464 
134 75 133 89 148 296 266 416 
128 76 123 90 162 316 238 381 
177 98 144 86 159 308 221 411 
175 106 136 87 200 389 241 392 
199 109 144 78 207 414 254 388 
202 108 143 72 225 441 296 362 
203 127 140 73 219 428 289 402 
189 133 114 74 229 481 351 360 
184 126 111 71 184 396 317 341 
169 125 95 72 181 372 300 380 
166 132 93 61 170 333 277 403 
170 119 97 71 183 344 289 384 
165 104 118 91 199 272 214 377 
180 117 126 93 238 323 240 413 
169 116 134 96 236 315 246 368 
175 107 122 101 230 298 228 380 
166 109 144 97 221 282 217 355 
143 98 134 81 213 304 218 365 
117 85 136 74 174 272 187 363 
116 83 134 74 176 266 175 342 
111 88 144 89 209 312 184 330 
119 73 113 92 223 340 187 342 
110 74 110 90 205 314 180 373 
153 80 160 94 214 309 171 395 
159 82 159 92 211 336 200 416 
167 84 157 73 175 306 201 451 
158 81 159 65 183 330 215 448 
159 76 157 68 203 332 226 416 
118 72 100 67 188 313 226 388 
115 69 96 66 197 317 214 368 
99 59 81 68 200 313 198 277 
94 60 76 65 170 250 178 254 
88 60 71 61 143 238 161 241 
91 53 55 59 151 256 190 240 
85 46 49 61 158 235 181 268 
90 42 49 56 147 221 174 273 
90 44 47 67 179 253 177 270 
93 41 39 68 178 246 176 290 
89 39 54 71 173 233 141 285 
81 42 58 71 151 228 130 272 
81 48 56 72 161 249 151 275 
78 44 54 63 130 226 134 280 
76 44 55 59 136 240 147 285 
82 44 40 49 125 227 143 246 
78 42 37 46 144 245 154 214 
70 34 40 49 148 231 133 203 
75 36 43 52 142 220 129 189 
76 38 41 55 144 206 115 170 
63 38 42 61 147 217 161 189 
62 35 39 59 118 168 148 184 
60 32 35 53 95 144 147 181 
52 30 33 50 99 143 151 181 
46 28 32 47 93 161 164 158 
42 26 30 39 84 148 117 152 
53 27 32 37 82 149 119 152 
58 27 30 36 90 159 121 167 
60 27 29 36 82 155 114 199 
68 30 29 31 70 128 93 210 
71 35 30 30 66 114 84 242 
65 50 29 31 64 118 94 277 
67 52 31 29 53 107 103 277 
69 51 28 28 51 107 103 256 
64 52 29 30 48 100 98 252 
62 51 31 31 44 98 98 225 
61 38 31 31 45 81 77 173 
61 37 30 35 41 66 60 161 
57 36 30 33 39 47 51 161 
53 35 30 39 43 43 61 162 
53 32 25 42 45 38 77 130 
51 30 26 41 45 40 85 167 
43 27 25 39 46 40 89 220 
44 28 30 41 50 46 94 230 
45 28 31 35 46 52 125 315 
46 26 30 32 40 50 114 327 
53 27 40 34 40 49 116 329 
53 30 42 34 36 48 115 305 
53 29 39 34 30 44 112 302 
53 27 39 35 37 37 69 236 
52 28 39 35 39 41 70 224 
44 27 28 33 39 41 64 231 
45 26 24 31 38 40 69 255 
46 28 27 38 43 40 70 258 
47 29 26 36 38 43 72 270 
47 32 25 37 39 48 81 298 
46 30 26 36 39 48 82 275 
41 30 29 38 41 49 74 250 
38 27 24 30 41 53 75 247 
34 26 23 30 45 55 91 203 
53 30 27 30 47 50 107 197 
54 30 25 28 49 53 113 230 
56 30 23 25 46 56 113 226 
56 31 24 27 43 55 119 235 
56 34 25 28 41 53 120 261 
46 29 24 31 36 58 125 278 
46 31 23 32 35 60 123 260 
44 30 24 36 42 65 126 259 
54 31 23 35 43 79 151 278 
57 28 25 37 50 96 156 255 
51 28 26 33 51 93 139 221 
49 25 28 34 51 99 138 217 
57 27 28 31 49 104 152 217 
51 25 29 32 51 101 180 198 
51 27 27 27 47 96 172 263 
51 25 26 33 66 121 179 244 
52 25 25 34 70 120 178 243 
51 24 25 34 73 116 168 251 
50 26 25 33 74 116 114 266 
50 23 26 35 75 112 110 195 
51 25 24 30 58 84 96 201 
51 25 23 27 53 79 108 247 
44 25 23 31 49 82 108 235 
39 25 22 34 48 71 100 205 
37 25 20 32 40 63 91 209 
36 24 22 32 47 64 90 208 
34 26 23 34 50 66 70 182 
36 25 24 32 47 58 65 194 
36 24 25 30 53 76 112 215 
40 25 26 32 54 76 138 229 
39 26 26 32 51 76 152 242 
39 25 25 32 48 80 152 239 
41 24 28 36 51 77 155 267 
43 25 27 35 57 73 134 268 
38 24 25 33 58 78 116 259 
39 22 24 33 61 86 116 258 
39 21 24 35 60 78 117 248 
41 22 20 29 59 78 117 240 
40 22 21 29 55 77 105 215 
39 22 23 34 70 76 98 202 
39 25 26 34 67 76 90 198 
45 29 27 31 69 95 95 248 
40 28 26 32 71 98 90 223 
40 29 29 33 66 92 89 227 
43 28 28 31 55 95 89 234 
45 27 24 33 72 97 90 260 
58 26 27 39 89 112 110 244 
