21 20 23 24 36 33 34 20 
23 21 20 27 38 34 34 21 
21 23 24 29 39 36 36 20 
18 22 25 28 34 34 39 23 
20 23 24 30 36 30 41 23 
19 23 24 31 35 30 38 24 
21 23 26 30 30 31 46 23 
20 20 24 30 31 29 44 25 
22 23 23 29 32 28 39 29 
22 23 22 27 32 29 37 29 
21 23 21 29 35 28 37 29 
19 23 19 26 37 27 31 30 
20 24 24 24 36 24 33 29 
20 23 23 27 35 25 37 23 
19 21 23 27 34 28 37 23 
21 21 28 33 30 29 40 22 
22 20 28 34 33 29 42 21 
23 19 27 35 35 34 41 26 
22 17 30 33 35 35 37 29 
21 17 30 32 33 34 38 29 
20 19 27 27 35 34 37 28 
18 18 27 28 32 35 33 29 
17 20 23 28 28 30 30 26 
19 21 19 28 32 33 32 24 
20 21 21 29 33 32 33 23 
20 19 21 27 31 30 30 26 
20 20 21 25 30 27 27 25 
20 21 23 24 31 33 27 24 
19 22 24 23 29 30 27 27 
21 21 22 26 30 27 24 30 
21 23 21 25 29 29 24 28 
20 23 25 26 31 33 25 27 
22 19 24 28 32 31 30 27 
21 19 23 28 30 36 28 23 
17 21 24 26 27 36 27 22 
17 21 26 26 32 36 27 24 
18 20 21 26 32 33 27 27 
17 21 22 24 33 32 26 28 
19 20 26 27 34 29 28 28 
23 20 30 30 36 33 30 25 
23 20 29 31 37 58 31 28 
24 20 32 31 39 60 42 26 
22 22 34 33 37 63 40 25 
20 21 33 31 41 63 40 24 
18 21 33 25 44 65 46 25 
22 21 32 27 56 60 50 40 
22 23 31 31 81 85 78 91 
44 24 30 42 119 137 94 201 
45 24 27 41 121 138 97 211 
47 25 25 45 120 139 95 225 
46 24 27 43 119 150 102 227 
52 24 28 48 128 209 133 270 
42 28 30 40 103 195 161 209 
47 29 31 42 99 196 212 213 
48 32 30 39 98 196 215 201 
47 31 30 39 92 188 218 199 
44 31 29 31 61 119 202 138 
55 60 29 32 53 107 258 187 
66 71 36 30 55 107 231 188 
65 74 37 32 59 107 239 187 
70 80 39 33 61 107 317 196 
82 103 66 42 66 131 493 305 
78 94 68 43 66 127 501 362 
68 87 67 47 84 155 510 375 
88 94 69 46 83 164 550 390 
94 114 74 50 84 171 591 418 
98 107 82 56 86 175 545 401 
96 109 90 59 87 178 552 345 
101 118 90 58 70 165 566 353 
102 137 93 60 68 169 580 367 
96 121 88 57 66 173 593 357 
85 146 99 47 62 148 557 327 
89 175 108 51 59 221 640 333 
86 178 111 51 59 240 666 325 
66 161 114 50 67 277 716 310 
73 184 134 57 81 280 707 338 
77 233 123 57 77 283 686 333 
87 255 113 61 87 252 673 312 
125 273 160 70 94 299 751 367 
138 306 176 71 99 312 834 382 
155 315 164 72 109 323 845 346 
180 312 195 76 110 342 870 356 
208 307 198 74 105 354 803 391 
200 339 180 74 112 310 787 393 
207 319 170 77 113 283 639 399 
198 311 173 73 99 268 574 398 
174 279 147 73 105 297 585 363 
143 272 163 71 110 290 653 423 
130 208 149 64 104 298 552 372 
104 199 142 59 101 289 544 351 
132 239 182 59 108 309 576 355 
147 226 175 58 109 293 580 436 
145 224 177 56 108 280 511 367 
140 222 175 60 112 272 518 385 
142 218 173 62 122 283 519 381 
116 155 127 62 123 279 470 412 
124 216 129 59 129 294 438 386 
118 190 104 55 122 296 427 374 
116 197 98 52 121 290 414 352 
129 201 101 58 125 318 434 375 
126 194 97 64 150 339 457 391 
121 125 77 61 141 294 416 404 
122 120 60 58 141 281 390 407 
124 104 58 55 136 281 366 408 
117 110 97 46 122 243 321 485 
118 109 100 36 91 225 313 458 
95 122 101 38 85 218 295 446 
95 131 104 38 85 210 307 434 
99 152 105 47 91 226 309 423 
98 144 67 49 127 259 264 333 
95 144 62 57 149 273 197 314 
97 123 55 55 153 283 235 259 
95 122 78 59 158 292 252 255 
106 120 83 59 157 280 260 307 
98 115 82 56 133 251 269 268 
92 114 85 52 126 261 287 307 
88 114 84 52 120 255 244 301 
91 173 95 53 123 253 214 302 
75 162 94 46 123 252 205 264 
84 168 96 46 116 227 188 293 
88 173 95 41 83 142 143 249 
89 181 101 40 87 137 145 228 
84 112 65 36 74 130 145 220 
81 104 56 30 78 132 139 232 
79 121 50 31 75 136 131 190 
76 124 49 38 76 133 136 170 
75 110 35 46 89 140 147 186 
71 124 38 55 95 149 142 207 
76 129 38 66 148 183 160 193 
63 105 38 67 149 187 174 194 
65 106 33 65 154 212 175 193 
61 109 36 62 147 214 172 181 
69 121 38 58 147 206 175 177 
99 207 92 55 105 171 164 166 
112 226 108 54 114 168 142 157 
112 228 115 52 114 144 158 165 
125 233 120 57 159 239 286 273 
124 229 120 54 165 246 305 273 
98 176 94 47 158 242 302 274 
89 172 92 50 154 244 329 346 
97 174 88 48 149 239 328 406 
83 170 83 43 109 146 263 373 
81 158 83 46 100 148 273 377 
112 169 72 53 96 150 315 402 
118 182 51 49 88 143 292 357 
117 182 47 52 106 174 285 365 
118 184 49 62 121 170 267 334 
127 185 47 76 143 183 248 387 
122 156 49 71 143 183 223 373 
137 150 49 70 144 182 222 459 
147 167 50 79 167 186 260 467 
161 165 49 72 160 214 292 543 
164 182 68 61 142 200 286 505 
154 176 77 62 142 219 262 506 
140 148 75 65 145 233 258 424 
130 114 77 63 133 244 227 370 
114 111 75 61 118 232 173 274 
105 72 72 57 114 225 180 277 
98 71 78 56 113 210 185 279 
99 70 94 57 116 204 183 334 
100 64 92 67 97 207 206 311 
110 64 122 74 125 195 211 314 
110 62 119 76 125 194 211 346 
120 64 112 76 125 205 205 365 
125 56 111 82 124 220 227 394 
117 58 124 67 115 190 201 461 
116 64 174 70 100 201 183 515 
116 62 179 68 107 212 169 540 
115 63 180 69 133 238 176 551 
103 65 179 63 155 236 165 549 
114 65 173 62 158 228 161 531 
113 57 101 57 170 273 189 486 
119 57 113 65 174 276 198 466 
140 63 163 76 180 283 211 451 
143 66 178 80 161 276 215 405 
152 69 179 83 170 294 237 475 
156 68 183 93 155 249 212 464 
153 73 187 96 188 317 241 460 
137 82 172 91 173 289 238 455 
140 79 152 91 182 293 234 473 
124 79 147 91 177 308 229 364 
108 81 193 78 174 308 240 360 
105 82 210 67 138 234 217 348 
94 68 190 66 187 317 230 361 
94 71 190 64 203 353 236 377 
117 72 192 66 202 326 221 367 
123 75 144 79 222 352 223 376 
122 72 84 89 244 381 244 352 
122 65 78 92 201 319 223 338 
122 63 82 91 176 266 213 277 
98 63 111 96 189 281 221 312 
89 57 103 88 176 285 221 294 
98 54 103 78 136 239 188 304 
95 57 107 77 142 233 180 279 
81 54 105 74 158 278 211 268 
80 45 85 79 143 262 196 230 
79 47 103 84 132 210 179 225 
72 50 156 87 155 250 178 311 
87 48 158 87 161 266 204 322 
85 47 158 85 154 245 183 337 
85 45 151 75 191 316 252 336 
86 42 140 66 190 324 259 354 
95 36 136 68 171 293 257 312 
84 38 136 79 194 312 245 341 
83 37 135 79 204 333 239 318 
83 39 134 73 167 266 163 316 
88 39 158 85 169 264 157 378 
81 51 146 85 179 297 166 343 
70 47 141 74 150 256 160 296 
71 47 144 79 133 208 155 304 
70 46 143 84 149 247 200 319 
62 47 127 73 154 266 208 259 
48 34 115 92 162 246 209 272 
49 38 128 98 167 260 214 297 
52 39 129 94 165 269 224 322 
51 37 129 89 150 231 188 319 
64 38 116 87 148 222 182 305 
73 39 112 67 135 221 209 285 
77 40 96 59 127 209 200 250 
75 39 89 55 120 191 176 208 
79 43 88 62 126 210 184 249 
68 40 90 64 130 221 183 219 
60 39 51 62 135 231 145 254 
63 35 47 64 129 230 138 271 
68 37 45 74 157 254 218 287 
65 33 39 74 164 267 237 246 
68 32 31 72 156 250 250 263 
72 32 30 69 156 228 252 237 
69 34 32 71 178 249 304 243 
61 31 31 61 158 223 262 234 
58 32 32 57 142 189 245 222 
55 33 35 60 154 186 228 211 
48 31 35 56 159 198 222 236 
58 36 30 52 130 164 153 236 
69 38 29 54 135 165 137 227 
69 40 28 51 138 162 125 229 
79 129 55 50 121 168 123 233 
99 183 92 62 94 141 106 243 
112 195 94 58 96 132 84 236 
109 204 100 65 110 182 149 229 
123 212 102 66 104 190 156 235 
132 181 108 66 98 172 159 281 
127 175 101 57 98 174 158 252 
110 165 101 59 97 175 157 234 
113 155 136 50 59 134 113 250 
100 150 139 54 68 132 111 293 
96 186 133 49 67 131 100 242 
95 157 130 47 68 127 98 231 
97 168 137 43 65 121 95 231 
94 177 99 41 58 94 71 211 
89 173 93 36 41 53 43 149 
69 122 82 37 41 38 40 135 
55 103 81 36 38 37 39 144 
56 76 87 42 42 43 51 151 
50 49 89 43 38 50 56 157 
59 45 90 42 40 55 65 190 
68 44 91 43 39 55 70 247 
67 44 76 42 38 60 72 248 
63 41 50 44 29 53 66 258 
65 39 46 44 33 51 77 280 
60 38 41 43 31 48 71 252 
52 39 37 40 30 50 68 246 
52 44 32 39 30 46 70 257 
53 42 28 26 32 47 71 250 
52 41 27 29 30 47 66 246 
48 42 26 31 37 55 79 311 
50 40 30 31 35 59 84 281 
52 26 27 34 34 56 82 274 
49 27 29 34 35 57 80 280 
53 25 29 33 37 56 76 310 
60 25 32 32 32 53 69 284 
62 27 32 38 74 93 90 308 
62 28 31 38 79 99 97 358 
62 25 30 40 79 105 98 355 
58 27 31 39 81 105 101 340 
51 30 29 37 83 110 130 334 
52 32 26 30 54 80 120 361 
47 33 28 35 62 98 126 309 
50 37 29 38 86 108 156 328 
51 35 29 38 86 118 181 317 
51 31 33 40 86 118 202 291 
42 28 34 40 85 124 208 218 
47 27 33 35 77 108 203 232 
42 24 31 31 51 96 185 217 
48 25 32 32 47 90 170 202 
56 25 29 31 48 85 126 211 
58 26 32 35 53 72 116 219 
54 24 34 37 54 72 128 206 
68 24 36 35 54 69 146 272 
65 25 34 34 58 79 134 292 
59 24 33 34 55 79 140 300 
58 23 30 30 53 82 165 304 
58 22 31 28 48 86 168 302 
49 23 31 32 49 88 151 245 
44 22 31 32 45 91 166 211 
47 23 30 31 49 91 166 266 
47 23 30 33 49 94 139 272 
51 24 27 33 53 107 133 341 
44 23 28 31 55 104 132 337 
59 25 29 35 57 102 125 360 
60 29 31 38 56 110 130 307 
64 30 28 36 52 106 129 318 
64 30 28 35 49 99 130 255 
65 29 25 38 56 122 151 264 
55 30 29 37 93 163 162 238 
62 28 28 38 98 167 159 261 
63 29 29 42 102 177 161 248 
62 30 29 43 102 177 157 256 
66 30 31 39 98 168 142 247 
67 29 25 40 61 125 137 266 
72 30 25 36 58 125 136 343 
68 29 23 37 71 138 139 334 
74 27 24 38 75 133 142 370 
71 28 24 39 76 133 135 374 
70 32 28 41 77 132 133 415 
66 31 29 39 74 121 161 391 
67 30 30 36 57 97 169 417 
62 31 30 38 52 102 170 384 
66 33 31 38 46 96 188 456 
71 32 28 34 45 100 194 406 
64 31 29 36 46 97 166 363 
65 31 29 35 54 97 156 326 
77 34 29 34 56 107 180 359 
90 34 27 32 57 105 175 303 
83 31 29 31 62 110 156 305 
82 32 29 33 59 112 152 291 
84 32 30 32 51 112 159 292 
79 34 28 33 71 123 136 281 
58 30 30 34 78 130 128 218 
57 29 32 33 73 120 126 233 
56 28 33 36 80 120 131 245 
55 27 32 36 81 113 135 240 
51 22 33 35 66 89 133 230 
57 23 32 35 57 78 142 249 
58 23 25 36 64 89 143 239 
58 23 24 30 55 96 140 228 
59 26 26 34 54 117 204 262 
67 27 26 40 56 119 211 273 
73 26 26 42 56 117 203 263 
74 27 28 44 47 107 209 259 
82 29 26 46 44 99 217 292 
