24 22 27 26 32 29 27 20 
21 19 24 25 27 29 25 23 
25 21 22 24 32 32 28 27 
24 21 23 24 35 32 29 26 
22 21 22 25 35 29 31 27 
23 20 19 26 32 25 29 28 
23 20 23 25 36 26 31 27 
19 17 25 23 34 25 32 24 
23 18 23 25 32 28 34 25 
25 20 25 25 32 30 31 25 
25 19 26 26 36 34 31 24 
25 20 26 27 32 36 29 26 
24 20 25 30 33 35 23 27 
22 20 24 28 39 34 31 28 
20 21 25 30 42 33 34 25 
21 22 25 28 41 29 34 26 
21 22 22 26 42 26 36 22 
21 21 26 24 45 28 37 20 
23 21 26 29 42 26 29 20 
23 22 26 28 39 26 24 25 
22 24 25 29 39 26 23 25 
24 26 25 31 38 24 26 27 
26 26 22 31 30 23 27 29 
24 25 22 27 28 27 28 27 
24 25 22 27 29 27 35 48 
24 24 23 27 28 25 36 49 
23 22 23 26 28 26 34 58 
27 24 22 26 32 28 34 67 
29 25 23 27 36 38 40 93 
32 26 23 32 58 84 51 112 
34 26 23 31 60 89 54 131 
34 25 24 33 64 104 61 130 
32 25 25 33 72 115 65 139 
32 26 26 34 90 122 71 136 
40 27 26 43 131 188 102 177 
41 27 27 47 141 194 119 213 
43 27 27 47 140 195 120 228 
43 26 27 48 143 194 123 224 
41 26 24 49 141 197 121 218 
33 23 23 41 99 168 116 182 
35 23 22 37 85 166 100 136 
34 24 27 36 84 161 109 123 
55 28 27 36 73 158 139 167 
73 42 29 35 53 161 155 174 
79 46 29 41 80 134 156 211 
83 46 27 41 81 130 164 241 
88 50 25 41 81 125 197 260 
81 48 25 40 81 124 211 239 
78 54 24 41 80 109 240 237 
79 74 28 35 50 76 243 245 
76 81 32 35 44 68 251 239 
85 102 36 36 48 95 299 271 
89 145 61 35 44 122 390 325 
86 173 63 32 43 122 403 348 
87 194 64 29 44 124 414 326 
88 197 64 31 45 135 444 378 
81 190 63 32 47 152 527 358 
73 164 47 32 50 152 503 323 
88 200 75 33 50 166 540 308 
89 188 80 39 49 183 654 326 
111 225 93 42 55 203 702 300 
110 248 132 45 54 196 681 294 
121 262 133 47 54 188 674 287 
111 243 146 47 61 176 648 299 
109 239 156 47 61 174 562 285 
94 234 163 46 61 163 515 280 
96 227 146 43 68 180 518 295 
95 224 159 39 71 215 597 348 
99 196 141 42 83 256 633 328 
113 256 138 45 86 259 649 340 
115 311 180 54 88 271 674 328 
112 309 177 61 92 262 648 332 
111 314 172 70 96 271 703 421 
117 361 172 73 110 303 713 471 
118 355 183 75 110 316 718 479 
133 293 148 98 119 400 772 479 
148 294 147 106 130 440 869 538 
143 283 139 105 143 425 761 447 
135 222 137 107 137 385 709 413 
136 261 196 107 136 391 760 476 
130 265 184 84 127 294 687 471 
115 261 184 70 116 220 541 441 
116 259 184 73 144 254 593 459 
117 255 191 72 145 276 613 452 
113 225 139 76 146 282 601 364 
114 242 136 71 145 282 596 504 
112 228 130 72 153 307 569 465 
109 228 128 70 134 287 503 436 
114 226 112 63 129 278 486 460 
111 166 85 54 126 258 406 522 
101 120 77 66 166 316 356 398 
99 119 84 65 164 301 371 388 
99 112 94 64 142 281 348 388 
86 139 111 63 133 271 332 360 
70 119 108 63 140 255 281 262 
67 121 113 52 91 183 310 272 
68 123 127 74 95 181 291 303 
78 133 175 75 102 179 290 291 
82 117 183 79 104 160 285 303 
86 105 175 78 102 151 245 379 
78 96 175 80 110 145 207 335 
78 93 163 59 110 168 212 305 
89 90 107 49 104 165 222 316 
87 92 74 48 102 179 226 301 
85 101 68 51 101 178 215 184 
87 118 96 51 90 162 193 234 
87 120 92 47 63 113 186 269 
65 114 92 49 78 129 185 261 
58 96 90 50 98 144 183 248 
56 86 90 46 98 159 184 259 
53 60 52 42 103 167 187 214 
50 56 51 42 112 169 170 157 
46 51 37 41 106 173 208 145 
47 48 38 37 95 149 201 150 
48 49 40 41 113 138 191 154 
57 66 45 41 108 130 208 232 
57 64 47 43 107 148 224 240 
59 61 46 44 113 130 180 265 
59 63 44 45 113 144 177 263 
54 60 40 41 101 186 208 249 
48 39 31 39 114 206 191 201 
59 42 27 45 130 227 213 209 
65 53 35 57 164 247 255 189 
89 214 124 59 168 252 271 193 
134 283 171 67 164 217 243 282 
142 295 191 78 158 200 247 305 
139 304 200 78 159 182 236 322 
146 314 204 82 121 163 231 388 
145 273 176 82 110 143 211 430 
118 230 162 78 116 145 221 407 
113 220 148 77 133 194 222 443 
141 266 199 85 110 172 189 466 
142 259 209 75 111 164 150 481 
131 222 204 76 112 185 173 472 
121 195 186 75 123 194 170 449 
118 196 185 68 109 156 172 397 
107 214 172 59 114 168 177 367 
105 220 176 64 113 176 187 329 
116 223 194 66 131 167 176 391 
120 223 189 67 127 182 185 413 
134 237 184 66 121 181 188 447 
121 156 138 63 116 169 202 453 
117 139 154 70 116 179 213 453 
150 249 141 71 95 165 219 460 
154 252 144 72 86 163 231 450 
145 236 147 72 100 178 223 443 
144 232 147 72 127 212 230 453 
162 241 190 79 127 211 214 413 
143 169 198 79 124 211 199 336 
138 165 201 78 129 206 180 328 
134 173 201 80 121 235 204 372 
162 178 206 79 95 209 185 505 
142 171 198 66 96 201 195 531 
122 132 198 61 148 237 206 543 
127 136 197 62 147 230 200 553 
139 141 202 62 152 197 189 514 
105 140 209 66 184 236 212 384 
105 137 256 75 181 233 211 371 
105 128 264 84 151 216 236 399 
102 129 281 90 154 237 242 421 
105 110 293 91 161 249 239 453 
105 109 320 90 125 211 216 478 
103 96 245 80 130 220 220 462 
107 93 248 77 152 297 290 445 
125 80 232 71 164 300 307 436 
116 87 213 75 181 337 340 393 
112 79 180 79 214 378 365 338 
122 83 174 79 220 377 362 409 
127 83 129 69 207 320 299 378 
112 89 123 78 199 324 298 382 
117 89 146 72 169 278 261 374 
124 100 116 67 134 223 226 370 
121 103 137 63 123 224 218 354 
110 104 138 65 123 234 220 343 
111 102 165 54 115 224 208 313 
97 95 149 61 140 225 215 311 
115 91 151 71 159 251 236 358 
112 87 135 73 165 266 241 290 
110 82 135 74 168 251 236 303 
103 89 130 88 195 235 261 315 
106 90 135 86 188 222 250 337 
80 87 156 80 167 200 239 299 
72 84 169 82 161 170 225 301 
72 85 173 81 174 229 256 281 
82 75 155 67 175 338 323 276 
80 87 147 66 173 349 319 263 
76 93 215 78 170 344 312 229 
77 95 219 79 178 370 325 227 
79 95 219 77 159 343 314 249 
64 93 214 76 118 243 216 222 
61 77 212 73 122 231 220 237 
59 65 114 56 125 229 218 243 
57 60 90 65 115 207 225 265 
55 58 91 68 117 187 184 249 
57 60 90 67 126 193 179 293 
62 61 86 73 133 192 196 273 
61 59 83 72 133 195 207 266 
63 60 71 59 131 176 178 256 
59 62 53 57 145 201 194 296 
55 66 45 56 133 191 186 259 
49 63 40 48 115 177 164 253 
47 69 67 49 110 173 155 256 
60 71 66 45 103 171 165 250 
70 81 71 42 95 141 154 303 
75 85 74 44 113 153 138 318 
77 83 73 42 114 165 132 325 
78 76 46 46 119 169 129 343 
72 81 44 46 130 202 126 341 
66 71 34 50 119 215 146 253 
62 62 29 46 102 196 178 260 
63 59 29 47 95 185 181 275 
61 58 29 44 126 201 207 255 
56 48 28 46 116 163 199 254 
57 62 29 41 112 154 187 254 
59 61 32 43 123 180 204 226 
55 62 35 51 147 224 231 187 
52 61 35 50 125 216 213 180 
52 63 35 50 126 212 214 184 
58 63 36 48 123 202 219 220 
64 65 34 49 110 172 183 294 
72 118 33 40 78 131 147 308 
88 169 52 39 64 105 148 318 
92 169 51 40 58 109 165 311 
89 166 50 42 83 129 148 312 
83 171 49 40 97 142 145 230 
89 151 52 40 96 124 141 216 
97 165 32 40 96 127 137 250 
98 176 35 42 99 125 144 253 
111 178 38 39 77 106 156 227 
113 172 38 39 74 120 159 225 
105 168 33 37 71 118 157 241 
85 104 33 35 79 115 155 219 
92 88 32 30 75 115 153 226 
87 115 27 31 75 110 147 229 
88 117 27 28 59 73 144 291 
87 109 28 28 63 99 144 275 
97 113 29 28 53 121 154 292 
88 109 26 29 52 129 164 328 
81 69 27 31 52 131 156 343 
77 65 26 32 48 131 152 308 
77 62 28 31 44 114 156 307 
68 42 28 31 41 113 153 329 
67 33 32 29 46 108 118 321 
56 32 32 28 47 107 129 321 
68 44 33 28 51 112 128 354 
68 46 30 30 53 116 124 355 
65 47 29 29 69 105 110 325 
64 46 26 29 73 108 102 304 
67 46 26 30 73 110 112 290 
58 36 25 31 77 103 109 272 
60 33 26 33 74 104 111 292 
57 29 28 32 65 110 131 270 
59 29 27 42 75 101 162 290 
54 28 29 40 80 106 152 281 
50 24 29 38 74 104 155 243 
49 25 29 37 76 97 153 226 
51 26 29 42 77 118 138 250 
47 24 27 33 60 116 105 209 
48 24 26 34 53 114 95 201 
53 26 25 35 53 129 98 216 
54 25 26 34 51 132 100 263 
52 24 22 28 38 104 128 255 
55 24 24 29 39 121 140 311 
56 29 25 34 69 145 149 321 
56 27 28 35 73 143 193 366 
58 26 26 34 73 140 193 343 
60 26 26 34 73 136 186 359 
59 27 28 33 77 122 186 316 
60 23 26 27 81 124 211 328 
68 24 24 23 86 130 188 300 
69 25 25 26 88 135 198 292 
68 25 25 27 92 139 185 254 
73 27 23 27 87 138 176 269 
71 25 22 28 63 112 148 278 
60 24 24 31 60 115 129 250 
56 23 23 29 58 112 123 237 
54 24 24 28 52 105 126 238 
47 20 25 28 55 105 125 211 
56 24 25 29 54 102 123 241 
53 26 22 29 42 79 123 272 
54 27 26 29 42 77 118 290 
52 26 26 30 42 82 119 300 
54 29 25 30 45 92 125 392 
48 27 26 30 42 93 115 366 
52 26 27 31 44 84 117 352 
51 25 26 31 52 102 159 351 
54 26 27 31 52 100 157 343 
71 38 37 30 48 90 155 296 
70 39 36 29 52 108 186 313 
70 40 36 25 51 109 185 295 
70 42 36 25 42 90 142 281 
