35 24 27 30 38 32 25 22 
36 26 25 32 38 34 24 26 
33 26 25 31 36 39 26 29 
32 23 25 30 37 34 23 28 
43 23 26 29 38 43 25 29 
47 22 25 28 39 103 31 29 
45 21 24 25 33 160 33 25 
45 19 25 24 34 168 33 23 
41 20 26 26 37 170 33 23 
29 18 27 32 35 169 32 21 
25 19 25 35 33 143 29 25 
41 20 25 35 35 74 28 28 
45 22 23 34 35 59 25 29 
44 23 25 32 38 57 25 29 
45 24 23 34 47 56 25 29 
44 23 25 33 47 52 24 26 
31 22 24 33 48 56 23 23 
32 21 30 34 47 49 27 24 
37 23 27 35 45 50 27 23 
37 23 27 28 40 54 32 25 
41 26 27 25 41 53 31 24 
42 26 27 23 40 46 33 26 
40 26 25 21 40 42 30 25 
39 24 25 23 37 37 30 33 
42 24 25 26 35 37 27 49 
47 24 27 32 64 85 57 53 
49 26 30 34 68 92 59 88 
49 26 27 40 87 122 90 133 
51 28 28 41 109 154 120 151 
53 29 28 41 120 180 137 206 
51 41 26 44 114 169 149 212 
55 43 24 47 123 183 172 237 
64 44 24 44 119 183 182 257 
62 44 24 42 103 165 170 262 
61 45 25 42 92 138 161 310 
59 34 27 37 93 146 156 335 
59 42 28 34 83 159 242 332 
75 73 34 39 75 161 366 381 
77 76 33 40 72 164 421 376 
81 77 36 38 72 164 434 316 
80 79 35 37 56 161 464 320 
91 126 69 37 52 160 552 342 
78 123 72 32 48 154 518 301 
79 122 74 34 48 146 490 311 
78 127 76 40 60 150 522 328 
86 137 76 40 67 152 546 422 
101 123 51 43 71 158 575 395 
97 114 43 42 73 159 559 377 
109 128 72 47 73 161 562 389 
110 124 71 44 73 169 561 392 
111 118 79 47 69 167 560 280 
89 97 76 46 69 142 404 295 
96 105 78 47 82 143 399 297 
100 178 110 45 99 171 408 302 
103 198 113 44 98 169 436 311 
99 207 114 43 105 172 413 316 
101 207 118 44 103 165 413 310 
99 221 127 66 143 261 575 332 
97 200 107 70 137 294 644 330 
103 240 118 77 135 364 798 318 
134 241 116 84 140 453 913 336 
137 240 118 96 145 525 984 336 
136 246 116 83 99 499 902 332 
130 235 121 82 91 503 897 340 
139 194 131 83 108 466 743 323 
106 190 136 76 103 392 642 285 
101 189 134 63 107 297 566 287 
112 212 135 61 105 277 613 264 
138 250 187 73 115 242 572 374 
128 242 172 64 101 232 566 399 
133 252 176 68 124 260 505 397 
137 260 179 78 137 342 554 401 
130 319 235 88 144 346 595 425 
114 275 188 78 139 350 585 391 
120 298 191 85 141 355 579 372 
129 295 185 90 138 340 574 387 
145 297 193 82 122 268 537 480 
174 216 116 80 159 410 647 526 
184 264 151 98 184 483 679 624 
178 237 151 100 195 510 697 632 
200 253 161 99 190 516 696 698 
190 252 150 103 194 599 703 676 
176 244 158 103 187 560 521 650 
175 208 134 89 171 511 485 543 
178 209 162 86 156 474 437 560 
149 180 171 89 173 493 457 478 
153 202 185 87 168 386 396 449 
147 192 180 88 150 373 401 509 
131 173 170 81 151 359 367 494 
150 241 159 85 157 372 385 532 
149 267 156 75 133 345 347 564 
147 243 134 70 127 362 348 541 
141 244 130 58 121 303 305 462 
135 266 130 56 112 280 279 460 
114 215 125 45 103 262 264 376 
107 183 116 42 97 231 274 350 
103 183 119 48 145 244 247 347 
108 174 116 52 149 230 218 356 
106 152 124 54 144 221 206 378 
93 130 97 51 146 219 190 410 
92 114 77 54 155 242 228 401 
85 106 71 45 116 188 204 396 
75 104 70 44 103 194 212 401 
98 105 47 42 100 197 251 398 
103 111 50 52 152 226 257 361 
104 112 46 50 152 205 260 342 
108 111 44 56 164 231 326 346 
109 105 47 54 169 225 355 394 
104 88 43 56 179 238 354 395 
99 91 75 48 139 209 377 416 
104 93 82 48 133 201 367 413 
109 89 83 41 114 170 334 465 
114 204 87 41 103 165 328 414 
117 226 104 47 96 150 307 473 
119 226 182 68 111 147 295 474 
113 231 187 73 141 169 294 468 
117 231 204 95 146 155 278 454 
136 152 261 126 189 174 257 536 
130 116 278 135 216 195 335 451 
145 125 255 141 208 196 335 496 
158 133 267 141 191 172 329 514 
156 147 277 131 199 194 334 549 
136 147 226 105 163 170 324 502 
151 163 224 99 128 142 266 539 
150 156 216 90 142 218 302 526 
143 152 213 88 143 234 290 545 
149 143 188 90 141 250 296 488 
152 140 243 89 143 259 299 457 
159 136 229 86 143 270 302 409 
154 137 206 79 126 215 304 360 
157 143 197 81 125 234 300 374 
147 139 196 77 121 202 289 359 
142 127 116 75 120 197 321 357 
125 103 114 70 114 181 309 375 
130 96 109 62 118 186 276 399 
122 57 93 54 120 143 293 402 
120 54 83 50 123 229 323 420 
126 59 81 51 120 227 315 415 
105 76 58 66 123 240 327 417 
90 93 83 77 139 270 320 437 
110 97 80 91 149 284 302 381 
123 102 81 92 153 247 268 387 
128 102 85 94 170 266 326 369 
144 91 82 89 168 274 342 329 
147 72 55 79 154 254 351 253 
130 67 60 67 137 237 342 244 
112 58 58 65 126 218 337 169 
107 52 51 63 108 208 272 257 
87 44 57 59 122 247 245 271 
78 40 118 76 129 253 213 266 
78 33 119 73 136 290 230 257 
80 34 119 70 139 308 221 271 
62 35 120 68 142 319 200 225 
83 39 123 65 127 273 170 292 
82 46 139 54 116 258 162 304 
82 49 152 60 131 238 162 316 
85 50 154 64 133 244 183 345 
86 51 155 62 130 236 188 340 
70 50 152 65 139 253 193 285 
67 40 92 58 141 246 193 275 
64 37 61 53 141 260 186 259 
60 36 56 52 143 264 173 215 
53 33 47 55 144 263 164 172 
43 30 45 45 134 259 148 148 
42 29 42 45 135 264 144 176 
58 33 43 46 120 247 135 200 
58 33 40 46 104 220 159 267 
62 36 40 45 109 229 163 335 
62 39 40 50 136 235 170 344 
73 41 38 49 136 240 195 332 
66 39 36 49 135 247 210 361 
66 43 37 49 143 251 195 323 
65 42 38 47 134 231 191 256 
66 38 33 43 108 229 189 240 
55 37 35 49 129 232 185 230 
52 36 33 52 150 251 220 182 
57 33 34 54 140 235 217 164 
56 32 34 55 137 230 213 160 
57 32 33 60 161 257 245 205 
55 29 30 54 146 275 237 240 
52 29 31 47 114 229 179 240 
45 28 29 41 114 228 175 244 
52 29 27 41 123 266 184 252 
53 31 27 35 97 244 144 223 
56 36 28 38 112 258 142 225 
57 36 29 38 112 260 147 221 
57 35 31 40 109 260 155 219 
54 37 32 42 129 269 170 239 
58 51 32 41 127 256 164 259 
56 51 31 41 122 248 171 261 
55 51 29 41 122 254 173 246 
65 64 31 43 123 248 161 253 
65 64 36 47 131 215 159 241 
60 54 38 52 146 231 170 217 
59 61 38 49 136 184 149 191 
61 77 41 50 139 174 141 192 
53 67 40 47 141 188 154 190 
51 66 33 40 107 157 126 212 
54 70 31 33 75 116 107 211 
58 82 30 35 68 112 107 208 
70 87 28 32 58 111 108 203 
71 93 29 38 73 105 92 189 
78 99 31 35 67 100 79 161 
78 96 31 37 69 96 78 165 
79 102 32 35 67 95 75 217 
68 97 31 36 69 90 78 227 
68 95 31 52 146 168 100 234 
57 89 30 61 163 214 215 215 
67 114 34 63 167 221 222 225 
77 165 43 67 170 223 224 193 
79 164 43 68 171 225 225 191 
89 177 41 53 105 164 212 178 
109 204 42 42 78 100 101 190 
103 192 38 37 69 77 79 194 
94 139 28 32 63 73 74 172 
101 148 33 27 61 72 67 218 
101 139 46 33 52 65 69 243 
84 96 47 31 48 56 77 316 
83 95 47 31 45 60 89 341 
84 95 48 33 47 60 93 352 
73 69 44 32 44 58 97 350 
63 51 31 25 44 55 108 410 
65 48 28 27 46 66 129 406 
66 43 30 28 49 66 124 387 
77 39 26 27 47 67 129 432 
83 34 28 29 44 62 134 454 
82 33 25 31 38 67 126 405 
75 29 29 30 36 58 94 360 
77 28 27 30 36 67 94 350 
68 32 29 32 43 90 86 305 
58 32 30 32 43 94 78 274 
54 29 29 29 44 92 72 269 
57 28 26 31 45 92 71 266 
59 27 25 30 42 86 76 280 
60 23 24 27 32 62 83 285 
68 24 22 28 34 59 83 277 
70 26 23 27 36 67 87 302 
71 26 25 25 34 72 94 324 
72 30 28 30 50 95 128 361 
74 30 28 32 62 112 136 344 
77 32 27 33 62 121 141 376 
84 33 29 35 63 117 140 349 
90 34 28 39 65 124 161 370 
87 33 28 38 58 116 146 326 
86 32 27 38 53 109 142 336 
96 39 33 41 75 109 140 329 
87 39 31 42 77 114 151 322 
79 40 31 40 86 123 137 278 
78 38 29 38 84 119 122 265 
76 39 31 38 83 109 120 258 
52 29 25 36 63 100 175 208 
50 29 25 34 62 100 170 208 
50 27 26 32 55 74 163 227 
47 27 26 33 64 82 163 252 
49 25 24 30 59 82 158 240 
50 24 25 27 64 84 103 245 
55 24 25 27 61 81 120 257 
52 24 26 29 56 86 117 228 
56 25 27 26 41 73 122 267 
52 24 24 26 44 75 124 288 
54 27 24 25 44 78 119 274 
55 30 25 25 56 75 97 274 
55 28 23 23 55 88 96 271 
52 28 22 24 61 86 89 236 
52 29 25 25 61 89 89 222 
48 27 25 24 58 87 79 217 
44 25 24 24 47 94 84 218 
49 29 23 24 51 79 81 259 
51 28 22 26 46 82 99 295 
53 30 20 27 45 78 99 296 
54 30 23 30 45 75 99 295 
