21 18 26 28 34 28 30 25 
24 18 27 27 36 27 28 24 
25 21 25 26 34 28 27 24 
25 22 27 26 34 29 24 25 
24 25 27 27 34 29 22 24 
26 24 24 26 35 29 23 23 
25 25 23 27 31 29 24 25 
26 24 22 24 31 30 23 23 
25 21 19 26 32 29 27 23 
26 19 22 28 30 31 32 26 
25 18 21 29 31 32 31 29 
25 22 22 29 34 33 30 28 
24 22 26 31 32 30 29 28 
21 24 25 33 33 31 28 31 
20 25 23 32 32 36 23 29 
21 25 25 30 32 35 23 26 
19 21 23 33 30 33 24 27 
22 20 21 34 35 35 25 26 
23 18 22 31 35 32 23 22 
24 17 23 32 40 27 23 21 
24 18 21 32 41 26 27 21 
25 18 22 31 41 28 27 21 
24 19 21 31 40 25 27 21 
24 20 20 31 41 26 28 22 
26 21 22 33 39 31 36 22 
24 20 23 35 48 53 50 25 
25 21 25 37 53 55 53 29 
23 24 25 37 63 65 54 37 
26 24 29 54 106 132 102 47 
24 27 28 55 119 151 109 64 
38 31 31 56 119 157 114 148 
43 34 31 56 123 168 117 168 
47 32 32 60 141 196 127 177 
50 34 31 49 134 190 116 191 
53 32 30 49 139 211 158 194 
50 28 29 47 137 212 174 185 
49 25 29 44 133 209 183 187 
47 26 28 42 117 188 190 235 
44 26 28 38 98 164 216 244 
57 43 30 37 75 132 330 298 
60 74 46 40 71 125 378 288 
63 84 62 42 74 125 405 302 
64 87 65 38 59 116 432 270 
71 96 67 40 59 121 428 289 
63 95 67 37 59 113 352 236 
61 110 58 36 63 133 398 230 
64 115 42 35 59 139 441 232 
74 123 39 38 60 148 463 302 
72 121 36 35 53 148 489 303 
85 175 87 35 57 198 586 320 
95 196 107 39 63 217 596 324 
99 204 114 43 66 228 645 314 
94 202 113 43 68 230 646 261 
96 206 116 46 68 292 792 254 
97 237 138 67 85 274 827 244 
97 246 123 66 85 263 840 242 
91 239 124 67 81 274 813 232 
97 253 147 69 81 289 868 230 
108 330 181 70 82 244 749 217 
104 299 151 57 86 246 641 241 
94 290 165 60 86 275 687 278 
108 331 175 60 86 271 731 297 
127 362 189 57 87 279 692 319 
120 310 170 61 90 283 681 323 
130 315 182 62 83 279 709 334 
133 299 172 61 84 307 648 326 
123 251 159 64 115 298 553 318 
101 201 137 68 118 295 569 350 
100 224 142 65 124 284 641 405 
80 205 123 61 119 285 638 377 
76 195 122 59 145 260 612 365 
81 197 123 56 128 270 696 392 
82 243 132 62 133 252 652 352 
79 197 107 58 136 262 563 270 
79 191 117 60 147 285 516 266 
83 224 140 59 124 249 483 323 
91 242 145 56 120 233 344 350 
89 200 117 42 122 246 321 339 
91 199 119 46 126 243 439 356 
97 194 109 40 111 210 469 360 
108 207 106 40 108 202 466 320 
94 186 120 44 104 194 461 244 
95 173 127 53 101 175 464 232 
95 174 128 60 108 182 361 207 
93 172 125 61 114 219 312 256 
83 128 115 61 113 226 304 253 
91 157 94 60 112 229 295 257 
91 155 88 53 107 222 242 255 
85 148 85 41 81 193 267 247 
78 150 85 43 80 166 299 200 
71 139 75 42 77 155 298 175 
63 99 66 40 81 162 288 172 
88 87 63 53 136 222 313 194 
90 89 75 54 137 221 267 190 
89 90 69 50 128 194 219 173 
93 78 58 54 136 192 205 173 
94 78 60 55 148 190 213 158 
71 73 58 56 127 156 200 126 
68 69 51 62 146 161 196 159 
66 105 106 65 153 161 194 151 
61 107 111 65 161 170 178 230 
57 107 112 73 174 285 243 257 
55 116 150 82 201 313 368 279 
81 150 180 88 200 350 388 266 
88 123 159 96 235 441 408 341 
107 134 175 109 290 521 458 287 
112 136 174 122 292 511 496 340 
117 131 146 116 276 540 453 329 
120 96 118 125 274 524 495 460 
123 98 123 139 255 463 526 450 
111 91 138 141 242 445 521 503 
122 143 151 129 229 398 467 476 
123 178 162 127 213 336 444 497 
118 181 159 118 204 331 387 386 
123 180 185 97 192 328 323 389 
136 189 183 82 145 225 335 411 
146 181 175 78 145 262 336 505 
146 153 164 80 148 246 308 501 
148 154 191 77 156 244 309 541 
180 171 221 83 168 247 317 560 
175 162 208 86 143 250 276 525 
162 135 211 85 138 218 273 492 
172 131 210 83 140 221 323 514 
187 140 208 85 132 213 326 511 
167 122 145 93 116 188 314 483 
180 116 145 96 113 185 292 484 
187 142 154 99 117 183 300 472 
179 139 154 101 125 186 267 447 
174 121 130 95 136 201 266 475 
167 122 205 116 152 226 311 496 
154 126 203 111 151 226 350 487 
148 89 192 116 166 259 366 493 
146 89 195 115 163 265 350 524 
125 90 229 130 169 269 339 509 
119 88 171 99 163 258 346 515 
123 90 168 95 158 246 338 503 
113 81 167 94 236 310 395 493 
113 82 168 103 251 336 415 448 
109 84 113 90 250 328 444 469 
124 91 103 98 287 426 520 468 
111 79 95 98 290 430 503 503 
132 82 89 93 220 380 456 467 
136 85 86 86 229 401 472 523 
137 81 65 82 231 411 457 467 
127 66 57 70 172 304 379 490 
133 68 67 81 206 344 393 497 
114 68 69 83 215 344 384 503 
130 64 66 74 178 289 341 519 
128 63 69 78 169 280 361 546 
130 68 68 84 182 318 348 563 
128 71 65 73 145 281 347 531 
130 68 64 67 134 276 420 548 
113 66 60 77 151 286 429 511 
115 70 60 75 155 281 421 500 
106 73 58 72 159 259 407 426 
113 69 57 76 187 300 416 457 
106 67 56 77 191 298 356 429 
129 83 58 73 185 288 364 451 
133 81 50 67 187 294 351 451 
130 69 47 63 186 309 330 486 
124 70 41 61 151 262 330 456 
131 75 44 63 145 254 290 505 
115 66 53 65 160 266 265 483 
119 68 52 68 169 290 288 459 
121 71 55 69 158 274 384 456 
117 71 55 70 166 277 391 486 
108 64 53 68 176 312 440 450 
92 56 40 67 176 313 458 437 
84 63 44 69 168 302 455 444 
82 67 49 68 173 288 405 383 
85 62 49 68 186 310 395 359 
90 62 49 67 177 289 412 333 
89 60 54 60 158 281 390 314 
79 51 54 59 159 321 399 339 
78 48 48 57 149 312 382 358 
78 50 48 52 121 300 375 340 
90 57 48 56 118 279 299 326 
94 63 40 61 119 275 310 351 
103 61 33 56 117 216 432 344 
101 56 33 59 119 225 428 326 
115 68 40 60 125 207 413 329 
112 67 43 56 129 225 425 320 
110 63 42 49 125 208 429 306 
113 80 47 45 109 208 264 260 
114 82 46 45 108 214 275 289 
97 74 44 63 164 256 294 272 
89 68 40 64 165 241 313 300 
91 70 43 67 165 245 298 281 
94 52 39 70 168 236 304 351 
91 50 38 69 179 251 291 361 
98 51 38 51 137 211 304 366 
97 60 41 48 131 213 271 343 
91 59 37 40 135 228 285 334 
87 71 41 37 129 217 292 295 
114 88 38 34 113 181 292 303 
110 93 39 39 94 165 256 345 
110 90 38 56 90 146 235 374 
113 89 38 59 79 114 216 378 
111 79 36 60 108 145 198 364 
80 64 39 63 114 149 192 323 
78 52 37 73 116 155 174 294 
80 63 35 61 114 159 176 268 
75 65 35 59 112 154 150 261 
65 64 34 57 78 108 142 270 
64 65 32 54 67 101 123 263 
69 68 30 39 63 81 122 226 
82 87 29 39 59 80 118 221 
85 89 32 42 64 99 141 222 
88 86 31 39 77 130 127 198 
88 82 32 39 75 131 132 206 
82 78 31 39 79 132 131 209 
63 40 29 39 77 130 137 190 
57 41 27 43 73 115 125 202 
62 67 28 45 60 81 132 201 
67 73 27 49 68 78 135 220 
66 72 27 46 63 77 169 216 
66 72 26 46 66 95 176 215 
65 68 26 42 72 118 190 217 
53 41 26 37 74 116 196 220 
50 30 28 34 65 114 215 204 
57 33 28 33 62 119 194 250 
59 33 27 34 62 120 189 249 
60 31 26 30 52 104 176 255 
56 31 24 32 44 105 180 287 
56 32 24 33 43 106 157 318 
47 31 25 37 48 98 158 286 
45 29 27 36 42 80 150 298 
46 27 28 38 45 86 178 282 
53 28 30 38 50 94 178 326 
52 27 28 37 48 102 174 293 
53 25 27 32 47 111 190 305 
54 27 27 34 47 114 197 304 
53 28 26 35 47 105 172 298 
49 26 26 34 48 114 155 238 
41 25 25 32 49 112 155 225 
44 24 25 36 54 110 138 221 
46 24 28 38 59 105 135 215 
56 26 29 35 57 106 130 302 
56 29 27 35 53 88 131 302 
58 29 27 35 54 98 136 314 
57 30 27 32 52 97 131 315 
57 30 24 28 50 117 160 347 
56 31 25 27 50 116 177 338 
53 29 26 27 48 117 180 306 
57 30 28 27 45 107 174 302 
59 30 28 29 48 112 191 302 
75 32 28 28 51 102 204 327 
73 32 27 35 68 130 186 293 
74 34 30 35 70 135 189 292 
77 35 31 38 75 135 190 317 
88 37 31 36 70 137 210 362 
73 37 31 37 67 134 181 316 
69 34 32 29 48 115 182 286 
70 34 31 33 49 112 184 294 
72 35 30 32 53 123 217 287 
58 34 31 32 53 109 181 245 
55 32 30 34 54 103 168 227 
56 33 28 34 55 100 216 229 
57 31 27 32 61 128 231 244 
46 28 28 31 60 126 215 212 
42 25 27 32 62 128 217 170 
48 25 27 30 64 135 222 213 
46 22 28 29 65 128 169 212 
48 26 29 29 57 100 153 191 
47 27 26 32 52 85 125 191 
47 27 26 31 49 86 128 219 
45 27 27 31 47 74 131 238 
46 28 24 32 44 73 141 239 
38 24 22 31 46 67 117 231 
46 24 23 28 52 93 177 244 
46 24 25 29 56 121 236 243 
43 23 23 28 57 128 237 183 
41 22 26 29 58 135 243 178 
45 20 26 29 61 146 279 189 
50 21 26 29 53 138 252 208 
51 21 27 29 50 121 204 224 
50 20 27 29 53 112 199 223 
51 21 27 30 51 106 189 223 
53 27 29 32 52 100 179 215 
54 29 27 35 68 115 224 261 
52 29 25 34 67 105 221 235 
53 29 25 35 63 108 224 237 
58 29 22 37 63 112 262 247 
60 27 24 33 65 115 240 256 
51 26 25 29 50 93 193 175 
51 25 24 29 51 96 193 191 
49 26 27 27 51 95 191 186 
48 26 28 26 54 92 157 201 
50 25 25 30 44 75 187 204 
57 24 24 30 45 85 202 245 
57 26 26 31 45 81 189 226 
62 26 23 31 43 79 183 239 
62 28 24 30 40 83 184 251 
55 29 24 29 43 85 157 251 
47 27 24 30 45 86 145 252 
49 26 25 30 50 93 148 249 
62 30 25 30 49 92 150 289 
58 31 23 30 49 86 122 264 
60 30 24 30 48 79 107 249 
59 31 25 30 53 80 96 247 
60 31 23 33 55 72 98 259 
47 29 23 33 55 77 95 208 
