29 24 27 36 47 27 44 25 
35 26 26 37 50 34 43 27 
34 30 26 34 37 34 42 30 
32 29 24 37 40 35 37 31 
35 30 26 35 41 35 39 31 
37 28 25 35 41 36 39 30 
34 28 27 36 43 31 35 26 
34 25 32 35 49 33 35 26 
40 24 36 30 47 32 36 25 
38 22 33 31 48 32 37 28 
37 23 33 27 49 30 39 30 
34 21 33 28 47 33 46 29 
37 23 27 30 42 34 44 29 
33 21 23 34 46 38 44 30 
33 22 23 35 47 39 48 27 
34 21 26 39 47 39 54 27 
39 21 25 37 42 36 47 27 
38 23 27 35 39 33 50 24 
39 26 26 32 37 30 48 26 
39 29 27 37 42 35 44 28 
39 30 26 33 41 37 37 27 
34 30 28 38 50 37 37 27 
31 29 27 39 53 38 41 43 
45 27 27 42 66 88 107 223 
46 25 32 39 67 112 136 237 
49 29 32 54 122 164 159 248 
52 33 31 55 128 175 177 268 
58 48 33 61 135 182 185 293 
55 50 34 61 134 173 194 242 
58 53 32 74 155 171 223 262 
62 56 37 73 145 152 249 301 
68 57 36 71 143 146 245 376 
72 55 34 66 138 143 248 370 
67 63 45 65 136 143 255 364 
65 63 47 50 116 139 236 361 
65 78 47 35 81 113 215 341 
81 88 48 40 77 116 245 305 
74 87 48 40 74 111 246 302 
79 118 51 40 70 100 240 341 
90 166 75 40 60 102 340 355 
97 205 101 44 56 99 348 347 
82 210 105 36 52 100 402 296 
91 214 108 36 51 101 411 320 
91 201 105 40 55 112 416 304 
83 168 89 43 73 130 424 308 
88 134 76 46 72 164 477 318 
89 132 74 47 70 175 483 349 
88 136 72 47 72 187 525 342 
94 128 71 45 75 217 662 339 
110 201 145 45 59 207 659 362 
98 204 140 44 66 191 634 371 
100 212 149 52 75 211 606 358 
103 211 165 54 77 259 695 347 
102 220 169 62 85 256 618 336 
94 197 148 65 96 286 605 272 
122 234 161 67 92 301 630 296 
120 223 155 62 92 280 691 283 
114 222 141 57 92 230 570 279 
111 221 136 51 79 212 551 259 
107 210 123 48 77 177 573 285 
99 219 126 61 81 174 604 301 
109 328 169 63 76 214 567 313 
122 329 168 68 87 242 592 334 
143 335 169 68 93 261 574 361 
160 348 155 71 88 269 525 358 
163 320 139 55 88 296 484 298 
162 240 104 57 88 289 480 283 
166 260 117 61 76 329 575 307 
154 251 145 68 72 348 614 306 
142 236 142 70 102 350 624 308 
126 220 142 83 161 361 616 320 
129 180 126 81 162 355 657 403 
133 235 205 77 168 324 551 400 
131 247 203 71 171 289 504 384 
143 235 221 93 169 359 609 385 
141 234 220 88 193 398 640 440 
134 249 219 92 204 393 559 413 
114 175 147 109 261 375 555 403 
112 305 160 141 444 381 544 395 
96 357 173 161 549 315 386 417 
108 369 191 164 547 215 300 386 
106 366 193 167 559 267 330 333 
112 363 189 156 539 301 342 304 
119 268 172 128 407 298 351 292 
143 250 134 84 243 299 372 251 
147 240 107 68 193 303 362 339 
148 229 109 58 149 255 323 338 
146 235 129 59 133 243 303 340 
136 217 118 59 115 232 309 357 
123 178 113 51 101 204 294 376 
108 171 106 52 104 178 272 260 
112 194 127 53 113 180 276 263 
114 199 110 52 116 156 321 271 
123 206 106 52 122 205 312 282 
119 208 106 55 130 241 310 236 
125 241 134 60 135 240 316 301 
123 250 132 59 114 239 322 308 
121 257 130 62 106 247 316 305 
116 250 129 59 107 229 285 281 
102 220 130 57 102 194 274 289 
90 181 129 51 104 209 274 220 
101 175 125 62 107 211 278 229 
111 152 128 65 113 207 250 249 
109 152 128 67 104 189 254 264 
119 161 151 66 117 197 247 304 
132 246 153 74 125 187 232 296 
125 227 137 64 121 183 214 299 
115 226 127 63 115 191 178 267 
116 278 174 70 142 208 166 254 
119 292 293 105 200 222 160 213 
109 263 309 110 212 223 205 214 
110 270 320 124 295 247 200 210 
108 273 323 124 334 275 233 254 
103 224 303 119 340 266 268 254 
86 196 172 107 340 274 331 263 
115 191 122 103 352 311 340 297 
136 214 103 88 303 310 370 356 
146 267 146 89 274 270 355 341 
161 265 167 92 262 273 331 342 
187 278 302 84 223 249 298 478 
198 275 331 117 191 240 321 480 
224 277 350 162 184 211 284 465 
226 223 350 167 181 232 303 503 
222 225 351 174 219 258 348 528 
212 240 379 174 214 266 341 466 
227 216 394 159 206 237 286 551 
189 180 412 127 197 234 297 518 
189 195 411 125 206 225 273 573 
187 196 419 120 168 213 221 555 
195 150 324 115 171 206 197 555 
167 138 299 106 172 196 195 511 
162 140 290 92 167 221 183 518 
172 127 279 82 138 242 190 470 
169 131 322 80 117 218 177 478 
152 159 405 104 146 245 182 436 
148 164 417 142 172 275 217 445 
159 160 417 155 183 264 226 502 
152 158 419 156 180 238 216 479 
157 157 371 153 183 268 223 497 
150 127 266 140 165 244 225 510 
138 126 262 115 172 266 206 530 
126 136 238 108 177 308 192 514 
109 128 229 123 178 311 206 500 
106 124 245 124 179 289 183 521 
101 117 233 120 179 292 177 486 
124 120 212 108 151 255 169 460 
133 108 193 93 140 213 170 453 
147 108 221 79 144 199 156 470 
145 102 260 82 153 206 177 429 
153 109 292 100 156 250 201 459 
139 99 299 99 154 257 190 466 
129 98 323 105 144 247 185 435 
116 100 332 114 160 254 191 423 
117 100 291 110 148 244 178 427 
115 98 274 108 141 218 175 444 
107 97 277 115 152 202 178 374 
110 97 250 117 158 235 239 400 
135 103 354 129 158 237 234 389 
144 102 364 134 167 252 247 393 
167 106 360 131 195 252 269 384 
168 100 353 126 185 257 282 415 
178 101 371 131 192 250 240 390 
154 88 237 116 182 254 242 367 
153 92 262 117 183 245 256 403 
128 81 267 111 165 259 226 402 
129 82 260 114 174 263 220 374 
112 75 224 103 162 251 208 404 
137 104 252 92 152 249 213 435 
138 99 208 86 152 263 208 395 
135 99 229 95 142 245 213 359 
129 96 233 86 131 239 202 357 
141 96 240 82 136 281 225 321 
119 68 212 78 133 268 218 293 
107 78 216 90 124 248 214 308 
111 76 229 95 129 237 213 315 
110 75 208 92 132 243 242 294 
92 76 235 97 135 211 234 346 
92 85 244 97 143 221 228 347 
111 102 270 84 147 230 215 345 
113 111 236 85 159 262 248 344 
112 111 270 94 173 286 233 371 
112 109 247 92 169 260 219 313 
114 102 239 99 179 266 238 323 
110 90 263 108 173 258 255 367 
108 99 292 94 156 234 216 354 
106 98 254 91 163 217 203 324 
110 100 253 89 169 233 212 350 
115 99 277 84 169 231 194 370 
122 103 294 71 175 255 166 293 
129 84 259 68 186 279 190 297 
134 87 280 76 169 265 206 300 
140 115 291 84 157 251 208 284 
146 141 327 91 146 251 222 248 
131 135 287 92 134 223 238 262 
122 139 295 98 107 175 217 306 
131 154 292 92 89 146 195 324 
130 152 275 93 93 140 179 382 
118 135 231 101 82 113 156 400 
124 162 303 103 87 113 142 416 
118 172 310 105 111 172 137 381 
108 157 298 98 109 173 142 375 
112 218 305 89 103 174 142 329 
119 279 293 71 99 176 140 349 
109 269 203 85 103 164 126 316 
117 267 178 79 69 85 116 356 
114 275 176 82 69 96 110 347 
105 248 168 96 63 86 117 365 
117 180 142 98 71 77 121 326 
136 178 169 88 64 74 110 328 
152 200 171 85 70 79 101 351 
150 193 168 84 69 72 106 365 
150 155 166 71 77 70 94 358 
136 150 191 62 76 66 89 349 
122 148 137 55 79 64 92 347 
117 118 191 63 75 57 90 372 
119 110 206 60 75 50 92 394 
117 110 204 57 66 51 89 356 
124 111 185 61 62 55 85 387 
123 111 190 67 49 59 86 406 
110 121 151 73 49 59 82 325 
117 149 137 80 55 54 74 329 
129 160 137 81 59 57 80 380 
123 165 148 81 61 59 87 379 
121 155 142 75 61 55 87 375 
132 199 121 64 63 57 82 382 
129 198 117 61 56 60 80 340 
134 246 155 59 49 59 76 301 
135 245 136 54 47 62 79 262 
132 251 137 49 44 62 76 229 
111 210 133 46 40 59 74 213 
108 194 131 39 41 64 85 269 
90 113 90 45 47 75 139 283 
81 96 81 46 52 97 242 302 
77 76 74 51 55 109 260 317 
88 59 69 52 56 113 272 325 
81 51 53 51 58 114 275 323 
92 40 30 47 111 167 266 310 
105 40 31 45 113 176 198 364 
115 43 32 40 113 174 196 408 
107 43 33 40 114 172 188 414 
105 39 33 39 114 170 184 414 
96 39 35 37 67 114 180 460 
91 39 34 41 60 82 167 419 
80 34 33 43 62 121 140 390 
81 31 32 44 64 138 144 433 
98 33 33 47 62 144 186 429 
96 33 30 47 65 147 178 409 
96 32 32 45 69 148 168 453 
105 35 34 45 75 120 182 478 
105 36 33 46 97 114 181 446 
94 36 33 46 104 119 137 439 
101 37 31 44 100 114 144 449 
91 35 31 47 100 112 153 399 
89 38 34 44 100 137 169 413 
103 44 36 41 77 129 183 461 
100 46 35 38 64 122 199 466 
88 44 34 42 64 139 202 450 
90 46 37 38 60 158 197 449 
92 45 35 44 48 139 185 413 
88 44 34 49 50 175 171 407 
89 43 33 48 68 184 167 420 
95 45 37 47 69 189 164 407 
96 45 36 49 69 180 186 409 
98 45 35 61 93 181 244 496 
106 44 37 62 104 186 432 520 
116 48 41 68 95 186 455 500 
112 49 43 74 100 197 474 493 
112 49 42 74 101 202 500 510 
126 48 42 66 80 239 549 493 
115 43 39 64 73 213 420 427 
105 37 35 60 89 211 399 415 
112 32 31 52 86 201 399 448 
113 33 28 50 85 190 373 436 
89 32 26 46 86 149 290 327 
82 31 25 50 80 159 296 295 
80 31 27 46 59 150 283 297 
84 35 33 51 65 148 280 290 
82 33 33 52 65 153 267 294 
75 31 33 50 62 135 218 289 
82 34 34 44 61 113 197 309 
93 35 33 46 72 120 200 308 
86 36 31 51 73 99 169 287 
88 35 33 48 80 126 215 313 
89 36 34 52 87 128 216 310 
84 34 34 50 86 126 216 297 
82 34 34 53 81 123 223 313 
74 30 31 44 77 146 235 305 
73 31 33 44 69 139 171 279 
80 34 32 41 64 137 171 302 
78 33 31 44 64 140 175 332 
70 30 30 40 63 148 195 338 
81 38 30 40 57 140 208 355 
79 43 31 43 53 134 228 337 
78 42 32 42 46 136 228 333 
81 44 33 40 46 139 235 363 
81 46 35 40 53 147 246 402 
72 40 32 38 56 132 210 381 
71 34 30 39 62 124 200 378 
70 34 32 40 64 126 212 437 
66 30 32 36 65 127 206 390 
59 30 35 38 61 109 174 331 
