27 29 27 23 27 22 24 23 
25 28 28 22 28 25 26 21 
29 29 28 22 26 23 25 22 
33 30 25 23 27 25 25 23 
34 32 24 19 23 23 22 24 
32 31 24 20 23 24 23 23 
33 32 22 20 24 23 23 23 
29 30 22 20 25 23 26 23 
28 31 20 21 25 21 25 23 
25 29 21 22 26 23 25 22 
26 30 19 23 26 26 23 21 
25 30 20 23 26 26 21 21 
25 31 22 23 28 24 17 19 
29 31 24 23 27 25 19 20 
29 35 27 23 25 24 23 22 
30 35 27 22 24 20 24 23 
30 37 31 22 25 22 27 24 
31 37 30 22 27 26 28 24 
41 67 30 23 27 26 26 25 
49 88 27 23 29 27 23 28 
51 90 27 24 30 27 22 27 
52 92 23 23 29 25 20 26 
53 93 22 26 27 23 21 28 
43 72 25 26 28 25 23 39 
35 45 24 27 30 25 25 46 
33 40 26 27 30 34 33 63 
42 38 29 31 64 84 52 121 
47 50 31 34 73 95 81 130 
53 61 33 45 131 198 108 173 
56 68 36 47 135 204 121 210 
72 108 40 47 139 210 152 292 
75 112 40 45 131 199 162 279 
74 110 44 58 167 257 177 300 
70 104 41 52 141 219 202 289 
80 100 40 51 142 228 218 288 
73 59 35 52 139 225 201 288 
70 49 34 52 136 226 206 291 
71 41 27 34 87 159 200 294 
92 73 28 27 61 123 192 315 
86 74 25 28 57 124 224 308 
80 84 25 28 56 121 228 236 
85 85 23 25 54 123 287 311 
100 92 28 26 48 129 336 421 
132 107 31 31 50 134 340 406 
134 106 32 31 46 110 316 397 
137 99 31 32 44 112 329 425 
139 106 33 35 46 113 312 387 
131 106 31 33 46 111 287 311 
115 145 30 36 46 108 318 307 
114 150 29 35 39 109 319 306 
116 151 30 34 42 107 368 300 
117 158 40 33 40 135 412 298 
121 248 85 35 52 184 604 315 
101 266 103 31 57 195 595 318 
100 273 108 31 55 202 606 328 
101 280 110 30 53 229 718 363 
103 318 183 40 57 237 770 363 
94 276 185 41 54 211 698 342 
88 249 186 43 59 201 699 384 
88 249 186 43 59 201 699 384 
134 106 32 31 46 110 316 397 
137 99 31 32 44 112 329 425 
139 106 33 35 46 113 312 387 
88 242 189 47 63 230 761 379 
87 252 196 54 69 215 703 347 
79 229 163 51 68 192 651 384 
87 204 145 53 72 186 624 379 
83 184 134 51 65 192 664 371 
88 234 133 51 70 178 672 402 
86 223 122 44 67 166 631 383 
85 218 96 40 67 188 694 400 
78 216 107 36 56 183 684 385 
89 230 118 35 57 199 694 422 
103 182 115 33 50 173 631 452 
102 178 125 39 52 178 634 468 
112 145 113 43 63 172 544 457 
120 226 116 44 65 190 517 486 
114 234 105 43 64 163 442 465 
108 240 110 51 75 224 500 520 
105 240 108 52 94 226 459 515 
136 250 107 52 90 216 473 583 
131 196 97 56 95 209 473 554 
135 176 106 64 128 284 496 534 
131 179 99 59 139 271 408 429 
141 182 113 59 134 286 411 470 
107 181 121 57 133 296 390 400 
106 165 114 54 136 304 380 394 
95 146 103 44 111 247 335 377 
97 129 108 42 95 227 349 425 
121 160 82 47 93 232 371 409 
119 141 59 46 99 274 353 429 
127 149 65 52 117 276 324 432 
138 162 102 56 116 277 331 447 
140 189 101 57 113 268 339 409 
117 153 99 54 107 292 328 402 
122 150 111 58 112 249 306 394 
117 142 122 58 82 229 295 386 
108 128 108 67 79 224 283 465 
119 166 135 72 96 262 311 463 
114 179 140 72 110 259 276 448 
111 187 162 76 117 260 270 419 
108 193 175 80 120 261 274 417 
115 226 180 78 121 253 276 327 
97 175 164 79 130 215 213 351 
92 163 173 80 140 179 225 362 
99 153 157 77 126 161 218 318 
93 142 138 67 127 172 264 305 
81 84 125 60 148 189 288 283 
79 70 117 52 139 225 279 259 
76 55 99 45 120 197 317 218 
59 54 77 39 117 194 352 294 
60 52 58 38 113 180 320 314 
55 37 50 31 83 158 296 322 
63 33 42 26 76 93 293 330 
75 38 36 29 78 113 223 398 
124 49 40 29 81 111 215 376 
130 52 41 34 93 145 218 378 
131 61 39 35 90 150 216 367 
129 66 39 40 82 145 216 358 
135 68 69 49 79 133 230 385 
103 75 74 57 95 138 184 409 
100 87 161 59 84 113 187 425 
100 85 172 65 92 112 196 445 
112 89 176 63 88 123 208 518 
106 86 204 63 84 121 196 455 
97 80 229 69 71 130 202 436 
101 70 181 68 78 127 190 421 
147 69 174 63 78 128 182 516 
141 67 174 65 94 166 223 438 
158 69 134 62 101 175 214 505 
165 67 88 52 114 172 199 490 
168 61 81 49 113 175 193 550 
139 57 76 53 111 174 186 479 
154 59 76 50 99 132 137 519 
136 56 65 44 117 142 154 471 
134 51 50 40 106 140 149 489 
127 52 59 40 108 134 152 444 
135 55 61 35 106 133 148 452 
120 45 52 36 111 149 132 414 
120 47 58 42 107 140 117 401 
116 47 69 41 111 177 133 410 
117 50 63 40 112 180 134 414 
103 51 62 39 108 182 137 395 
99 64 61 43 126 178 132 417 
88 63 55 43 109 188 145 412 
112 65 40 42 102 148 138 418 
111 64 41 40 94 137 133 404 
109 72 47 45 96 137 145 405 
124 66 46 44 85 148 150 481 
133 68 49 47 105 178 168 492 
119 69 50 50 115 193 175 472 
116 68 51 54 124 204 186 474 
117 55 42 50 126 208 177 482 
106 47 38 46 123 210 167 377 
96 44 35 43 110 180 136 421 
102 41 42 49 138 209 152 417 
106 38 41 46 150 276 155 422 
99 37 41 48 155 278 159 418 
100 38 42 47 153 281 177 442 
99 34 39 45 155 292 186 376 
83 31 33 41 133 259 156 349 
80 33 32 42 122 188 148 322 
78 31 31 43 124 215 161 327 
65 32 35 50 164 262 174 289 
63 33 34 48 160 248 164 291 
59 29 30 45 160 268 173 281 
53 27 27 44 155 280 176 270 
56 28 29 43 154 260 162 242 
56 27 22 37 109 206 115 251 
65 26 24 39 105 207 125 230 
72 28 24 35 89 178 119 290 
74 32 25 34 88 151 103 284 
80 32 25 34 98 170 108 292 
80 33 26 31 93 161 117 298 
91 36 25 33 96 155 123 358 
91 38 24 36 98 162 126 333 
89 37 26 34 99 167 170 328 
79 35 24 37 87 142 163 296 
77 34 24 39 94 153 168 321 
68 33 24 36 92 155 158 269 
60 31 26 41 104 157 153 240 
61 31 23 41 101 161 116 262 
63 31 23 38 99 173 131 276 
63 30 25 39 95 155 126 224 
52 26 25 40 94 144 125 215 
57 26 25 34 81 138 125 282 
60 27 27 36 103 165 125 280 
61 29 30 37 108 178 122 277 
58 30 27 34 104 178 117 275 
61 32 28 39 114 181 122 273 
56 30 27 38 111 184 126 227 
53 27 26 36 94 146 120 206 
55 27 24 38 97 140 115 210 
56 26 24 37 99 157 117 223 
52 24 23 32 89 156 117 225 
51 24 24 37 102 167 131 203 
57 28 23 40 114 190 144 256 
53 26 22 35 97 167 139 291 
56 29 23 36 95 153 142 299 
60 30 23 37 104 184 141 306 
66 31 22 31 91 168 123 340 
65 29 21 30 75 145 122 322 
64 30 24 36 95 151 163 309 
67 29 24 36 95 156 164 300 
62 28 26 38 109 151 169 295 
59 28 27 41 112 150 172 271 
56 28 29 41 113 152 181 312 
57 25 27 38 113 164 165 285 
49 25 30 38 114 159 162 289 
47 25 28 35 89 129 149 307 
65 28 32 37 107 155 156 301 
64 28 33 39 103 164 132 236 
68 29 32 39 88 146 107 275 
72 30 29 38 84 141 102 289 
79 32 31 36 83 135 98 286 
66 30 28 31 51 104 79 323 
64 30 26 30 52 88 84 322 
67 44 28 29 48 91 89 384 
65 60 29 30 46 93 90 389 
55 62 26 31 44 91 88 373 
52 63 26 30 44 86 88 349 
49 64 34 27 40 86 89 342 
40 56 31 26 35 78 108 241 
46 40 30 24 39 75 105 226 
51 37 31 26 45 76 106 219 
62 64 29 28 45 76 103 219 
69 68 21 27 39 59 96 270 
92 106 25 29 41 53 62 266 
89 106 24 29 40 65 67 241 
89 109 24 30 35 67 75 269 
85 106 30 30 35 68 82 258 
88 104 32 32 37 70 90 248 
97 105 30 30 36 66 90 276 
108 169 47 31 32 51 88 292 
116 189 50 31 35 49 80 272 
115 188 48 30 33 47 74 265 
111 191 49 28 32 40 65 258 
83 173 49 28 30 39 62 225 
71 118 34 26 31 42 59 234 
80 119 35 25 27 39 58 271 
85 119 34 26 28 35 63 291 
86 114 34 25 26 46 67 298 
86 115 34 24 28 47 72 307 
91 110 34 25 28 50 90 315 
70 65 29 24 29 48 103 289 
63 52 30 24 35 50 103 322 
67 52 30 29 37 58 110 428 
67 46 29 30 38 61 118 454 
64 43 32 30 42 63 127 451 
69 39 33 31 44 67 127 465 
77 37 34 33 44 75 132 444 
82 37 34 32 56 78 133 423 
87 35 34 30 56 80 138 461 
84 32 33 30 55 81 121 460 
94 30 31 31 53 82 119 490 
88 30 28 28 55 87 148 488 
117 35 25 24 47 77 209 425 
117 36 25 27 46 75 218 383 
116 37 25 29 46 82 221 364 
109 37 24 29 57 121 241 405 
113 38 25 32 69 128 271 440 
75 30 27 35 78 131 224 437 
96 32 28 34 79 129 211 430 
95 32 26 32 80 125 212 447 
104 32 26 32 79 109 229 381 
106 30 25 31 73 119 226 369 
110 33 25 30 63 123 233 384 
87 28 25 30 64 133 233 360 
94 27 25 30 63 134 239 344 
78 27 25 31 61 133 220 374 
92 29 25 33 62 118 163 365 
100 28 23 32 60 109 151 331 
107 28 21 32 72 102 163 324 
103 30 22 31 72 105 154 372 
103 32 24 31 70 83 132 332 
91 30 23 28 61 78 137 318 
72 29 24 30 67 105 146 307 
68 29 25 32 54 104 140 332 
67 28 24 30 57 103 147 289 
67 27 23 30 57 105 151 333 
56 28 24 31 60 103 152 319 
57 28 23 30 57 91 151 353 
67 29 23 28 56 92 160 337 
64 29 22 30 53 89 163 337 
66 29 22 29 51 86 152 279 
68 33 26 33 77 97 143 276 
80 33 25 32 73 88 142 259 
67 31 25 31 76 82 113 258 
68 32 28 28 76 85 94 271 
68 34 30 30 76 84 107 252 
73 29 25 29 61 88 138 283 
62 29 26 31 60 85 135 264 
63 31 26 32 55 88 140 258 
70 32 25 33 54 87 155 270 
70 30 24 31 52 86 143 280 
65 29 23 29 33 74 114 248 
61 29 25 30 36 76 125 269 
72 29 27 30 39 75 127 276 
