22 20 15 23 27 30 19 20 
21 20 16 23 27 32 18 19 
21 22 16 24 29 29 19 20 
22 22 15 24 30 29 19 20 
20 21 16 22 28 31 19 20 
20 20 16 22 28 25 24 23 
20 21 19 24 27 24 26 22 
20 19 20 24 28 27 26 21 
21 20 22 23 25 25 28 20 
22 22 23 23 25 25 28 21 
22 21 23 22 27 23 25 17 
21 22 23 19 31 24 24 19 
20 23 21 18 28 20 22 21 
18 23 20 18 28 20 24 20 
18 21 20 20 30 22 23 20 
18 21 22 20 29 26 22 20 
20 20 20 20 24 25 22 19 
21 19 22 20 28 26 22 17 
22 17 23 21 29 27 17 19 
24 19 23 21 27 27 18 18 
25 19 24 21 24 25 22 21 
23 18 24 23 26 26 23 20 
23 19 24 27 23 26 23 21 
24 22 24 26 23 27 24 22 
20 23 24 26 27 26 24 24 
18 22 22 27 32 44 26 22 
18 23 22 26 38 59 31 23 
16 24 21 23 40 64 33 23 
18 22 21 28 56 72 46 62 
35 22 21 26 61 85 72 161 
38 24 23 33 79 105 86 205 
39 23 23 34 77 99 86 215 
41 23 25 35 84 108 93 232 
45 23 24 34 89 121 96 238 
41 23 24 37 110 149 110 192 
47 23 23 32 100 139 111 199 
52 24 24 33 110 153 120 215 
53 26 24 34 113 166 126 210 
51 26 25 40 128 195 134 200 
48 26 25 38 111 180 115 208 
43 26 24 38 109 180 109 199 
38 25 24 39 105 178 144 178 
36 26 24 41 114 186 149 171 
35 26 24 37 89 159 143 174 
32 25 25 38 91 154 149 177 
33 24 25 39 92 151 151 152 
34 27 26 35 85 144 130 151 
39 24 24 32 60 114 130 176 
41 24 23 30 52 89 134 205 
42 24 22 30 45 85 145 198 
41 27 23 27 45 84 147 186 
49 36 29 28 50 85 149 190 
52 41 30 26 48 74 300 190 
60 45 30 27 52 87 324 181 
75 67 34 23 48 82 319 175 
101 107 34 29 48 80 334 198 
102 137 38 29 43 85 420 204 
104 139 37 29 41 100 391 223 
104 140 39 32 41 94 381 214 
104 142 35 35 50 109 424 229 
88 170 73 44 60 144 550 248 
100 200 120 51 60 159 521 300 
96 202 124 54 66 158 492 270 
94 204 126 53 65 158 522 276 
95 226 129 53 66 201 657 312 
98 211 160 50 58 208 646 293 
85 199 132 46 59 202 631 245 
87 197 131 43 53 207 683 254 
88 200 131 48 56 214 750 269 
99 208 156 53 56 173 692 244 
102 219 123 53 74 183 680 246 
108 199 121 52 74 215 773 272 
114 236 128 54 79 230 801 309 
144 326 160 65 85 262 785 341 
144 321 142 64 85 273 757 349 
150 363 138 65 77 260 761 378 
158 364 223 70 85 273 708 358 
159 349 227 71 84 279 646 436 
134 286 210 67 85 266 594 438 
187 308 213 80 103 298 590 492 
180 277 231 86 98 309 548 472 
186 286 160 106 108 429 645 514 
197 309 152 114 152 456 665 455 
203 310 179 117 160 463 716 506 
158 338 180 108 151 439 730 470 
163 307 156 105 159 429 716 474 
157 291 149 89 183 351 612 497 
173 295 185 94 169 383 642 548 
166 291 170 87 173 378 611 494 
154 222 213 96 173 402 592 493 
153 258 242 96 174 433 606 511 
165 322 250 91 148 428 600 516 
142 294 225 92 161 419 547 461 
152 281 220 95 153 411 483 511 
157 297 194 94 157 400 456 487 
152 275 184 99 150 366 432 485 
130 205 185 106 157 343 443 426 
126 199 204 93 130 295 400 472 
111 192 217 103 135 322 429 396 
103 155 323 114 156 315 398 389 
100 124 309 117 174 345 374 361 
112 133 304 121 173 323 300 415 
100 133 321 129 194 322 296 337 
110 198 361 150 186 290 232 325 
115 221 291 141 176 283 236 338 
117 228 295 140 163 237 251 365 
107 232 402 155 181 288 347 271 
129 261 396 151 154 275 362 259 
119 245 373 119 156 270 362 295 
114 226 356 115 164 307 384 348 
109 222 365 106 167 324 356 308 
101 202 250 91 136 259 253 309 
72 157 239 144 144 235 212 300 
73 116 261 165 143 238 206 254 
74 104 296 166 121 194 128 132 
75 97 277 168 125 178 123 121 
83 99 285 161 213 261 260 260 
83 96 281 115 213 275 281 267 
81 78 224 84 220 272 295 275 
85 81 175 93 258 320 412 283 
87 80 176 97 257 346 476 381 
75 82 158 105 202 309 444 324 
76 90 172 112 205 319 468 321 
112 97 205 114 199 326 465 468 
118 88 209 113 146 267 367 509 
130 91 211 117 146 239 315 552 
133 102 256 108 136 243 310 645 
139 94 252 97 149 228 257 665 
114 91 239 113 165 227 254 641 
106 101 313 126 176 241 273 625 
160 110 332 120 171 224 225 655 
162 100 303 124 176 199 195 576 
158 108 327 139 168 185 209 570 
177 108 323 128 173 207 224 558 
179 98 251 108 164 193 203 576 
164 87 237 126 179 224 209 481 
163 79 261 122 183 233 200 494 
170 71 242 106 172 240 183 501 
154 73 253 103 157 205 165 575 
171 79 252 109 186 224 163 626 
168 93 339 85 195 259 177 703 
193 118 377 89 192 251 181 756 
193 114 363 86 199 308 205 759 
194 110 355 83 193 318 202 690 
191 104 347 76 170 323 198 660 
190 97 321 76 154 337 217 575 
166 66 244 62 143 330 206 472 
181 80 261 85 136 288 180 485 
187 81 261 89 140 300 192 516 
178 81 263 90 143 284 207 515 
158 77 185 97 153 248 209 507 
157 76 180 101 157 257 240 524 
132 68 162 93 172 280 279 493 
129 70 170 90 178 285 280 499 
136 72 165 89 172 289 303 502 
130 72 150 85 155 281 305 533 
126 73 152 91 169 302 297 539 
131 69 157 82 173 333 300 539 
124 64 142 84 184 320 298 513 
121 61 152 95 201 339 297 464 
113 61 191 122 277 403 410 425 
131 61 209 115 287 399 406 405 
133 76 215 121 280 356 387 398 
135 84 226 120 271 378 404 377 
132 84 220 118 270 370 404 407 
139 78 178 85 198 294 267 377 
126 81 163 85 179 338 278 364 
116 67 189 83 182 337 293 407 
123 69 199 87 202 320 268 408 
118 69 202 85 218 369 335 369 
111 77 213 91 220 396 353 434 
106 73 207 95 214 344 341 450 
143 99 289 105 231 359 335 502 
140 102 322 116 217 358 356 521 
154 106 319 110 189 304 279 537 
179 108 317 108 180 253 247 513 
185 110 319 102 191 273 246 508 
165 88 209 93 151 239 266 480 
163 76 125 79 178 243 285 478 
159 73 121 83 180 287 279 468 
131 67 119 85 174 300 292 455 
128 63 109 87 164 287 293 458 
121 60 98 83 196 323 265 411 
114 56 87 79 165 315 208 362 
106 55 130 76 174 324 228 422 
112 56 123 73 205 361 273 445 
115 60 127 84 222 395 300 532 
122 60 127 76 196 369 295 544 
122 59 126 76 211 388 357 541 
122 59 87 73 208 344 341 525 
112 58 109 87 187 300 298 503 
101 53 108 77 166 264 281 410 
93 53 104 81 185 270 277 430 
101 55 105 75 164 236 184 414 
101 58 107 77 156 221 182 404 
108 55 78 76 198 230 238 469 
115 61 75 81 205 245 236 478 
120 60 76 78 188 240 233 435 
114 60 74 79 187 247 234 474 
112 57 61 88 223 300 262 445 
104 54 62 75 188 287 223 369 
124 52 64 70 177 254 223 381 
119 52 62 72 187 247 237 379 
121 52 68 78 207 245 250 328 
123 48 61 76 181 200 224 409 
123 44 60 74 171 193 209 415 
108 41 56 71 169 191 193 449 
125 54 74 88 200 243 217 477 
125 54 73 90 189 258 223 473 
125 56 75 82 172 247 232 475 
122 58 78 90 225 312 262 470 
123 54 92 93 229 316 263 395 
104 44 88 83 197 279 230 411 
97 41 84 76 199 293 207 446 
85 38 82 81 205 324 190 386 
87 36 75 74 147 268 148 371 
76 44 80 70 141 264 149 467 
92 46 74 68 144 266 145 418 
100 56 87 71 141 248 155 392 
110 61 89 61 129 199 143 367 
113 67 95 57 125 182 129 367 
106 63 79 58 118 176 117 271 
86 61 79 54 104 161 111 368 
98 52 67 47 79 101 99 361 
87 48 65 48 74 96 103 365 
95 41 56 47 69 97 113 417 
102 39 60 53 74 89 110 395 
114 36 55 52 84 85 102 306 
102 61 50 52 83 95 101 363 
99 61 51 52 81 82 101 362 
88 60 48 53 81 67 93 303 
91 63 45 43 71 87 108 313 
81 64 47 40 49 87 130 443 
78 41 49 39 46 80 122 389 
86 39 51 37 47 85 120 382 
85 43 50 35 48 87 114 397 
81 37 48 35 48 70 99 444 
79 35 43 30 44 65 82 338 
75 35 41 31 45 61 91 356 
69 44 36 32 43 61 96 360 
83 41 35 32 38 62 105 412 
80 43 31 30 36 59 104 411 
99 46 32 31 40 61 115 420 
98 46 29 32 40 71 137 440 
105 35 29 32 40 82 161 506 
98 36 29 32 55 110 183 472 
95 34 25 33 66 126 229 436 
77 32 25 33 78 150 240 430 
88 35 25 33 82 152 233 469 
92 40 27 39 101 156 222 428 
98 43 28 43 98 158 225 459 
107 49 34 54 146 208 228 496 
118 49 32 54 143 195 215 498 
116 47 32 55 143 191 208 522 
106 42 30 51 135 191 229 526 
104 39 31 50 138 187 239 490 
106 34 26 40 102 159 214 521 
98 34 28 40 99 163 214 562 
106 35 30 40 95 166 239 506 
105 35 32 37 88 158 220 490 
102 35 30 34 85 161 199 507 
115 37 31 37 99 149 194 497 
113 36 30 35 102 143 197 516 
104 37 29 33 104 149 183 504 
109 36 27 36 108 158 187 524 
106 34 26 36 103 142 181 522 
87 35 25 33 66 111 190 467 
82 35 25 36 75 132 208 362 
79 32 24 36 80 156 215 338 
83 35 25 35 76 148 217 304 
82 35 24 31 78 151 226 283 
72 30 24 30 76 153 228 269 
71 29 23 25 60 134 216 309 
69 29 24 29 78 138 227 382 
68 28 25 29 87 170 234 408 
72 31 27 30 88 169 226 428 
76 30 25 31 88 183 215 426 
78 32 28 34 91 193 229 419 
94 33 27 31 84 196 236 374 
90 39 27 38 81 175 231 396 
89 37 26 40 80 174 233 361 
85 38 28 40 78 155 224 361 
97 41 29 47 90 155 201 413 
91 42 29 48 82 114 163 426 
86 34 26 42 76 109 183 364 
85 35 29 43 79 111 192 363 
88 35 29 42 82 124 187 362 
70 29 26 33 68 117 191 306 
59 27 29 32 61 115 190 266 
