22 19 24 26 31 34 28 25 
21 21 24 26 30 31 28 26 
24 20 23 27 23 31 30 22 
24 20 23 29 27 28 26 23 
21 20 22 28 28 28 27 26 
20 21 20 32 28 26 27 26 
20 20 22 34 29 27 28 24 
19 21 25 35 36 26 25 27 
21 20 25 33 33 27 26 27 
24 23 27 33 33 27 24 25 
24 21 29 32 35 27 27 27 
26 21 30 31 36 28 25 26 
26 20 27 29 32 28 28 26 
25 20 27 31 31 28 27 28 
23 17 26 32 32 34 27 26 
23 18 26 34 34 35 30 24 
22 18 25 32 29 37 32 26 
22 17 25 30 27 35 28 22 
22 18 29 27 28 38 31 22 
20 19 28 29 29 33 32 23 
20 20 27 26 27 31 30 23 
20 21 27 29 28 28 30 22 
20 23 30 30 32 28 31 25 
20 24 28 31 31 27 30 25 
21 22 29 32 32 33 29 23 
23 23 29 35 30 34 27 25 
22 24 27 33 31 34 25 27 
22 22 23 32 26 39 27 23 
23 21 24 36 26 35 25 25 
26 21 23 32 26 29 25 25 
26 23 24 30 26 29 29 27 
28 20 26 32 24 31 31 26 
29 22 28 35 26 26 30 29 
28 22 25 34 30 29 32 33 
27 23 25 34 32 38 41 89 
29 21 27 41 65 125 68 95 
29 24 25 42 72 131 72 98 
26 25 27 43 75 136 73 101 
43 28 30 50 119 201 146 158 
50 26 29 56 123 214 160 175 
53 28 28 53 121 188 170 198 
60 29 29 55 131 197 229 217 
61 31 33 59 145 216 240 219 
57 28 34 57 139 197 232 201 
69 61 36 51 136 188 247 260 
74 68 35 50 125 180 242 255 
71 68 34 46 113 171 190 243 
74 68 31 41 99 160 186 264 
77 69 26 31 56 122 201 262 
64 45 24 29 57 127 207 194 
66 54 30 30 56 126 208 238 
126 63 49 34 58 137 296 257 
136 63 48 33 47 127 311 241 
135 76 49 37 49 124 340 249 
136 76 50 41 48 108 335 264 
139 138 78 38 49 112 352 228 
109 205 93 41 53 95 327 240 
119 236 110 48 55 157 467 342 
123 238 119 49 61 167 470 349 
123 242 121 48 67 191 499 337 
119 217 129 48 68 203 532 352 
102 168 126 47 66 210 579 395 
92 178 130 41 67 170 518 313 
86 227 135 46 67 183 540 293 
90 233 139 52 71 179 552 289 
91 233 121 53 69 179 563 298 
117 277 142 56 66 198 619 252 
112 327 166 60 73 240 724 310 
120 316 166 63 69 260 782 331 
120 310 165 66 107 304 796 371 
124 346 189 76 144 425 872 394 
117 365 188 74 145 431 887 395 
114 325 165 72 144 433 860 394 
105 307 177 66 152 442 844 383 
116 329 192 66 140 420 875 349 
115 305 182 64 119 323 862 310 
103 241 164 68 142 362 895 468 
122 207 159 73 147 341 825 515 
126 224 162 75 141 322 769 550 
130 199 149 71 132 319 789 602 
127 189 135 77 128 371 708 668 
125 181 137 78 125 390 583 577 
128 229 149 76 124 421 620 553 
131 227 125 80 122 452 654 584 
121 239 120 89 128 482 566 532 
122 226 137 98 212 464 564 546 
150 265 235 106 207 426 593 572 
169 271 237 118 211 414 712 557 
191 281 240 118 233 434 686 530 
192 294 243 114 241 444 754 560 
191 298 232 102 180 427 759 459 
180 311 148 99 198 442 772 525 
193 348 152 87 193 423 650 506 
172 330 147 84 171 391 672 464 
189 318 144 84 163 338 582 548 
195 344 156 78 148 309 591 580 
192 339 156 70 115 287 505 541 
141 273 139 67 113 339 495 564 
132 278 142 67 115 305 449 623 
100 288 150 64 107 329 432 518 
92 258 136 67 122 348 403 482 
94 218 121 68 131 340 400 411 
100 196 118 67 140 306 375 381 
99 190 119 64 138 299 347 289 
100 148 104 69 156 293 326 283 
108 127 104 70 151 281 330 292 
96 105 85 64 145 257 309 260 
93 176 110 63 138 227 264 225 
114 174 169 63 134 216 284 272 
130 230 200 55 100 172 307 365 
123 242 217 51 92 145 279 357 
141 319 240 53 77 131 276 357 
151 285 232 69 145 228 302 380 
136 284 187 70 154 255 332 341 
121 245 161 70 154 256 346 259 
125 311 150 71 155 252 351 276 
116 241 121 67 165 276 383 326 
110 247 112 56 149 222 382 350 
111 242 113 55 151 196 431 338 
116 249 113 54 153 191 419 372 
109 153 113 60 150 191 399 360 
96 174 121 72 143 179 369 379 
87 167 126 67 127 172 419 336 
95 180 146 76 148 216 338 356 
94 199 146 76 145 212 315 321 
101 226 137 69 146 222 322 323 
99 198 123 60 163 220 325 248 
96 198 124 64 148 211 280 244 
89 186 110 49 116 186 296 223 
87 166 94 49 122 200 335 239 
85 118 83 52 160 266 363 225 
89 145 108 52 147 261 367 238 
101 158 114 46 140 272 363 257 
102 169 107 50 145 266 370 262 
98 149 113 52 146 259 427 245 
102 145 115 51 109 189 394 297 
122 160 98 52 109 177 383 318 
120 147 149 69 107 144 359 341 
120 133 154 75 109 133 364 323 
131 139 161 80 114 154 332 334 
134 142 172 83 119 180 344 323 
128 104 280 91 123 192 344 321 
136 96 273 86 144 205 335 281 
146 102 277 84 140 209 296 387 
145 92 278 93 141 206 215 456 
149 89 287 102 139 192 225 491 
152 84 193 94 130 176 226 503 
138 84 167 90 120 182 245 513 
128 85 163 88 121 178 244 452 
125 99 151 72 106 160 255 443 
121 118 128 54 99 136 231 390 
127 124 200 61 117 169 220 362 
129 126 201 63 118 169 221 354 
146 120 198 59 112 165 214 446 
141 112 202 61 112 169 212 373 
133 93 200 59 115 194 202 364 
110 73 112 52 122 221 223 380 
128 72 152 45 118 222 200 458 
118 75 147 48 132 231 204 405 
115 73 143 65 175 286 261 410 
119 68 136 69 182 299 301 429 
125 67 207 72 169 277 302 439 
105 57 183 76 173 280 331 367 
102 57 187 75 172 297 335 333 
121 73 213 72 132 249 275 342 
121 80 222 73 139 282 253 331 
114 78 153 75 154 294 235 307 
124 80 143 72 153 291 192 302 
122 80 168 79 142 265 180 341 
113 65 142 78 156 269 207 424 
114 65 148 74 138 212 182 412 
114 67 152 75 117 188 194 412 
103 65 144 73 124 184 194 457 
98 58 108 64 130 200 208 427 
86 53 96 57 111 203 182 330 
91 44 84 59 116 201 188 347 
90 39 85 63 130 219 182 329 
85 36 86 62 122 222 188 241 
87 37 86 62 115 225 173 251 
87 37 87 64 113 218 165 256 
68 31 85 65 125 239 172 236 
65 33 83 62 150 269 209 230 
70 34 82 61 149 286 211 236 
64 42 84 61 149 282 203 215 
59 43 80 58 155 281 202 190 
57 42 56 56 146 271 198 172 
60 44 43 56 121 220 152 246 
67 55 80 63 117 209 149 243 
76 53 80 64 138 249 195 234 
81 53 82 65 144 269 222 243 
84 55 83 64 149 263 223 250 
85 54 84 61 147 275 237 245 
77 46 53 56 144 260 227 249 
69 39 53 53 124 215 194 266 
69 44 54 52 114 199 168 276 
62 41 52 57 109 215 171 275 
58 38 49 52 107 208 144 247 
54 39 44 53 122 233 165 260 
52 39 36 56 129 231 161 250 
48 32 35 55 135 234 189 261 
50 33 35 48 134 214 174 263 
59 36 35 51 128 217 183 301 
69 32 37 49 110 181 171 294 
78 33 38 47 105 186 187 285 
78 33 37 49 105 180 150 252 
78 33 43 48 93 167 143 245 
74 30 44 40 82 144 124 243 
66 31 44 42 98 162 120 251 
55 36 46 46 96 165 100 258 
53 36 44 49 112 192 104 258 
48 36 35 47 118 196 113 269 
50 39 33 54 137 217 145 231 
53 40 34 54 140 218 151 248 
49 36 32 52 136 205 145 244 
53 38 33 51 121 172 140 260 
66 40 37 60 164 229 154 276 
62 38 42 57 156 211 129 280 
62 36 39 57 147 202 112 249 
68 40 44 55 150 207 117 256 
67 40 48 53 146 204 118 245 
54 38 47 44 93 141 101 212 
56 37 43 43 79 131 100 246 
66 35 42 38 71 121 99 258 
61 32 36 41 61 100 91 261 
61 30 28 41 52 85 85 261 
63 28 27 42 41 60 65 284 
63 26 30 40 40 57 58 239 
46 26 29 39 36 46 55 223 
44 24 27 37 34 47 51 204 
42 21 29 36 40 62 49 200 
40 25 27 33 43 60 53 202 
32 24 21 31 44 63 52 195 
38 25 23 31 50 64 54 195 
45 26 23 30 49 62 58 202 
47 27 22 32 45 46 60 230 
50 25 26 33 38 50 62 242 
53 27 27 34 42 46 63 227 
49 26 26 35 41 45 62 248 
45 24 26 35 42 44 57 245 
47 27 25 32 42 44 53 240 
46 27 22 33 42 40 45 245 
46 25 21 35 40 42 43 251 
46 24 25 34 33 43 39 233 
57 28 24 33 35 54 43 260 
53 24 24 34 38 57 49 236 
54 26 25 34 48 66 51 195 
58 29 30 35 56 74 54 228 
59 29 28 39 62 77 62 227 
54 29 28 39 63 78 77 226 
56 30 32 49 82 84 118 249 
56 30 31 51 85 86 122 279 
50 27 26 52 83 98 134 244 
56 28 25 50 82 101 134 236 
51 26 28 49 82 98 136 231 
59 30 27 40 96 133 123 218 
59 30 26 34 96 140 131 247 
58 30 24 31 97 131 122 259 
52 29 27 31 98 133 123 288 
53 29 25 36 99 131 123 272 
45 25 29 36 71 96 109 290 
51 26 30 39 78 99 101 241 
50 26 31 37 76 97 96 240 
52 25 29 37 74 93 110 214 
52 28 30 34 71 108 119 227 
49 26 25 34 68 103 149 223 
46 26 26 31 46 85 154 223 
48 27 27 30 43 95 160 226 
50 28 27 36 62 108 168 231 
52 25 28 33 61 98 170 225 
54 28 26 34 61 102 158 256 
51 27 27 39 63 100 153 266 
55 27 25 41 63 92 154 292 
53 28 25 36 61 135 166 312 
46 30 23 38 66 138 153 301 
49 28 27 39 75 138 158 273 
55 28 27 40 76 145 162 296 
55 29 28 38 75 145 168 269 
61 28 30 38 64 109 148 303 
70 25 31 36 61 106 160 344 
75 24 27 33 53 107 145 346 
70 22 26 28 54 121 148 316 
69 24 26 32 60 127 138 328 
66 23 23 32 60 128 154 302 
59 24 23 31 61 132 156 264 
49 24 22 33 55 129 156 261 
49 24 25 36 53 116 148 272 
59 23 26 36 55 115 170 287 
61 27 29 40 76 114 162 266 
65 27 30 42 73 106 148 285 
68 28 32 41 73 108 141 281 
69 30 32 40 73 97 152 282 
63 30 32 40 71 96 129 248 
57 28 30 38 52 90 107 244 
58 28 31 38 58 91 102 255 
63 30 30 36 57 92 120 276 
65 28 28 32 56 93 104 265 
62 27 26 31 66 90 104 279 
63 27 27 27 63 84 123 310 
61 29 24 27 60 87 126 285 
51 26 25 30 61 84 125 258 
52 27 26 30 59 100 136 272 
52 27 26 32 45 100 135 260 
50 25 25 32 44 97 115 221 
53 24 27 35 59 113 127 235 
54 23 26 34 59 114 121 280 
50 24 25 35 60 103 117 283 
51 27 28 33 59 97 115 308 
53 28 27 37 59 97 125 301 
43 27 27 38 56 86 132 307 
43 28 30 38 58 96 147 264 
44 28 28 39 57 97 145 247 
44 27 25 39 55 101 146 225 
49 26 28 35 54 95 146 333 
61 29 27 32 40 91 169 339 
61 28 27 30 36 78 163 344 
