23 22 27 22 25 26 22 20 
23 21 27 22 26 26 20 21 
21 24 29 22 28 24 20 20 
25 25 29 21 26 24 21 20 
26 25 25 23 28 24 23 20 
27 23 24 22 26 23 22 19 
28 25 26 23 28 23 24 17 
28 22 24 24 28 24 25 19 
23 20 23 25 27 19 24 20 
23 20 24 24 24 20 22 19 
22 26 30 23 24 21 21 19 
20 25 29 24 22 22 19 19 
25 27 29 23 23 22 17 18 
30 31 31 24 22 22 20 18 
38 34 34 22 23 22 19 18 
38 31 29 21 24 21 22 18 
39 34 29 22 30 19 24 19 
37 33 28 23 28 20 24 20 
33 29 24 21 28 21 24 19 
24 26 21 23 30 23 25 20 
23 26 20 23 30 23 24 21 
23 22 19 20 31 39 27 22 
23 20 21 19 33 42 26 20 
23 21 22 23 34 45 28 23 
22 21 22 28 37 58 55 25 
24 20 23 30 56 77 55 25 
22 20 23 30 54 72 57 24 
28 23 23 36 63 80 93 68 
28 23 23 35 76 95 100 70 
31 23 24 34 99 97 93 101 
39 25 24 35 99 108 120 155 
44 27 26 36 107 140 154 166 
41 24 26 32 105 143 155 162 
44 27 28 34 124 167 174 165 
43 26 24 32 110 176 184 190 
43 36 23 31 104 170 191 157 
43 37 23 31 96 147 177 153 
43 39 23 29 91 143 169 149 
42 38 22 25 48 102 176 153 
48 45 26 28 37 78 265 128 
54 48 28 26 35 62 265 131 
80 91 29 29 32 60 264 132 
91 98 30 30 41 92 295 149 
97 102 31 30 50 112 303 188 
103 121 29 28 52 121 293 183 
102 122 33 27 54 124 291 179 
88 111 32 25 54 126 307 187 
80 116 33 26 49 105 289 198 
76 134 84 27 40 104 361 165 
65 117 89 28 36 106 332 196 
68 126 88 27 35 113 356 205 
81 128 92 26 35 117 378 224 
94 140 93 25 37 129 436 221 
98 122 57 27 50 136 383 226 
100 132 87 25 51 148 447 205 
120 137 88 29 59 144 445 203 
121 124 87 32 62 144 498 214 
113 112 107 34 63 142 459 213 
122 147 136 37 64 146 539 223 
132 152 120 40 71 171 629 253 
120 184 126 39 65 174 639 260 
113 211 137 37 63 181 604 237 
113 211 137 37 63 181 604 237 
76 134 84 27 40 104 361 165 
65 117 89 28 36 106 332 196 
118 264 176 48 67 224 712 240 
119 281 159 45 60 214 680 239 
114 292 160 46 56 213 612 219 
136 333 159 55 75 232 696 232 
142 331 160 54 75 228 715 252 
156 301 106 45 77 200 641 322 
157 291 100 49 82 211 756 430 
169 280 109 46 83 240 775 534 
155 260 128 44 76 268 710 536 
149 257 114 47 80 288 736 555 
135 278 141 49 77 283 725 536 
133 330 173 51 77 290 570 480 
115 335 170 54 73 251 494 349 
109 313 166 47 66 210 502 342 
105 301 182 61 84 197 405 345 
125 292 169 70 131 266 383 334 
114 210 140 69 132 259 397 314 
128 209 146 73 135 253 360 340 
130 218 182 81 136 262 364 459 
143 230 172 71 124 280 406 454 
123 202 168 66 100 273 411 475 
123 232 171 63 95 273 411 494 
115 230 161 55 95 286 415 518 
107 189 122 52 108 274 357 431 
94 173 114 53 115 248 326 410 
95 177 108 47 94 228 283 388 
107 136 104 51 95 215 253 352 
98 121 110 59 128 225 257 308 
94 115 84 52 124 225 260 273 
96 114 86 51 119 219 221 248 
91 129 99 49 118 165 234 246 
82 129 97 50 126 220 269 248 
78 126 93 44 94 197 280 218 
84 134 92 43 83 196 292 217 
79 131 88 43 93 196 292 245 
85 103 63 44 92 189 287 221 
81 105 94 40 76 122 242 213 
89 135 92 34 66 115 228 217 
93 133 94 35 66 105 178 221 
93 143 95 33 65 125 181 226 
95 169 105 38 74 125 169 230 
131 220 98 40 77 131 173 216 
127 205 97 41 78 122 143 209 
126 209 95 40 81 118 141 241 
142 211 94 40 63 104 142 237 
135 190 83 33 62 120 135 214 
95 130 101 30 60 111 140 223 
100 149 101 29 63 108 138 226 
93 138 103 28 63 117 242 209 
64 126 107 34 73 136 240 165 
60 125 108 36 72 118 241 162 
59 108 60 36 70 125 244 149 
47 67 57 39 75 137 246 215 
43 63 54 47 85 137 168 205 
39 53 44 45 86 110 159 207 
39 49 41 50 99 137 197 225 
41 48 66 53 108 157 216 217 
40 43 78 56 117 166 238 150 
38 42 85 56 143 234 249 145 
43 40 87 55 153 262 283 185 
41 39 90 51 159 264 263 171 
44 39 86 51 166 317 254 197 
59 45 106 66 161 324 236 291 
61 46 118 68 136 283 210 305 
77 49 119 70 123 269 185 355 
81 48 117 70 110 259 184 411 
83 50 110 73 103 184 169 427 
84 63 128 66 104 169 157 399 
89 68 138 63 113 168 171 414 
106 70 149 67 116 161 143 439 
110 70 150 66 109 156 126 402 
116 69 163 61 104 167 130 452 
133 58 139 65 102 163 132 511 
155 71 131 68 98 154 116 511 
141 68 121 73 96 137 118 539 
147 70 165 76 100 145 127 535 
147 71 163 88 96 133 119 506 
135 67 160 79 95 128 111 459 
105 49 148 77 101 139 98 460 
117 61 173 75 108 148 126 433 
115 62 167 78 105 148 137 510 
111 71 197 100 113 152 154 506 
105 70 200 107 125 147 159 512 
119 69 200 109 123 146 179 504 
112 62 184 106 120 148 165 491 
131 67 205 108 119 142 155 431 
135 62 175 78 115 154 156 421 
135 63 171 68 128 190 165 380 
129 65 171 62 118 189 157 399 
123 65 165 61 120 220 165 365 
97 59 94 59 158 270 193 341 
100 53 86 57 160 257 177 389 
101 53 87 60 138 246 170 391 
96 53 82 62 151 299 176 371 
93 49 79 64 157 288 173 360 
108 51 73 57 118 252 146 394 
99 51 63 57 119 266 160 337 
98 50 55 54 123 280 167 363 
104 46 51 52 112 221 156 410 
118 51 54 49 93 208 165 433 
108 46 52 45 99 206 157 416 
108 50 50 53 116 194 153 422 
113 52 58 52 134 177 144 419 
114 52 58 53 129 186 159 435 
103 46 56 54 131 200 147 408 
101 48 64 63 140 209 154 420 
114 52 65 62 147 272 176 402 
107 49 54 61 138 290 228 406 
99 49 53 61 139 298 226 372 
93 51 52 59 140 285 221 392 
85 48 46 51 141 285 224 404 
64 44 46 48 116 254 233 403 
66 45 48 47 106 229 183 462 
85 49 47 51 114 245 196 460 
89 48 47 51 109 256 207 420 
94 50 45 50 92 243 203 428 
92 52 42 48 115 250 180 456 
95 52 58 62 137 262 193 381 
82 47 63 59 128 236 176 361 
78 48 64 58 130 227 167 399 
77 51 65 60 144 258 185 352 
87 47 63 58 126 219 201 337 
80 48 48 44 105 197 193 342 
76 49 45 46 125 213 196 341 
77 48 44 50 139 227 198 315 
81 42 39 46 122 197 178 302 
70 41 35 44 129 203 151 266 
68 40 35 44 134 216 148 233 
63 37 30 46 131 222 166 244 
60 36 29 41 116 206 171 229 
48 37 32 44 115 200 169 227 
47 34 36 45 115 193 166 254 
74 34 36 52 141 281 217 262 
84 47 40 52 146 276 205 215 
88 49 42 54 147 282 215 205 
88 50 40 54 151 286 216 227 
85 48 35 53 157 303 227 219 
72 46 31 46 129 225 190 218 
61 35 27 48 125 231 198 235 
70 33 32 63 183 284 208 259 
70 30 31 61 181 284 208 254 
73 30 33 63 177 274 198 243 
64 28 34 64 184 260 183 244 
62 28 33 61 179 246 171 220 
53 28 29 46 126 193 139 225 
57 30 29 45 124 190 138 245 
59 33 28 45 128 181 150 255 
60 32 27 44 121 176 147 247 
60 32 26 42 126 186 144 271 
59 34 28 45 127 169 136 267 
57 33 27 48 136 184 141 236 
57 36 31 49 133 181 138 230 
65 37 31 47 125 178 140 242 
68 36 31 47 115 156 131 244 
64 35 29 43 112 155 144 234 
62 33 26 43 98 126 146 258 
61 31 22 36 89 113 138 265 
54 32 24 38 107 139 159 249 
48 29 24 36 103 143 156 216 
50 29 23 36 95 136 150 217 
46 30 25 35 97 135 142 184 
39 26 25 34 90 134 139 164 
37 24 25 32 69 109 121 170 
40 27 26 30 64 95 124 190 
43 24 24 29 58 81 117 185 
48 26 25 29 52 82 125 220 
54 25 25 29 53 76 123 235 
55 28 23 28 41 66 117 261 
55 27 22 28 44 65 111 267 
50 28 24 32 77 98 123 251 
47 27 25 37 96 113 118 238 
47 29 24 37 96 113 109 251 
53 29 25 39 98 113 114 238 
54 29 26 41 97 110 114 270 
56 28 25 38 76 95 90 267 
55 28 27 33 52 78 91 262 
56 28 28 32 48 75 92 234 
51 25 27 30 45 76 82 234 
47 25 27 27 46 82 78 173 
43 24 28 26 45 75 88 181 
45 23 26 27 50 77 82 202 
42 24 25 27 50 77 80 223 
41 26 25 28 51 73 79 228 
43 27 24 28 56 87 75 231 
50 29 24 29 52 80 62 256 
49 30 23 27 47 74 60 250 
47 29 24 28 46 76 77 239 
49 29 25 27 45 77 88 226 
50 28 26 27 49 63 88 241 
49 28 24 27 53 96 102 234 
46 25 24 27 52 102 111 217 
49 28 25 29 60 106 113 210 
46 28 24 31 60 110 117 252 
51 28 24 33 55 115 154 257 
49 25 26 33 63 109 156 263 
50 26 26 36 70 115 155 261 
50 26 26 40 77 113 148 281 
52 23 27 39 82 124 159 318 
47 24 27 39 82 118 137 301 
45 24 25 38 77 104 127 284 
47 25 26 37 72 99 120 296 
47 22 22 30 62 107 131 296 
46 23 23 32 68 105 128 212 
46 24 22 31 66 103 120 226 
45 25 24 35 75 115 129 215 
43 24 24 37 77 119 139 247 
45 24 25 44 84 115 145 249 
47 27 22 42 75 100 134 245 
42 25 21 42 75 100 130 227 
59 25 22 40 64 84 139 297 
60 26 22 38 66 73 136 262 
59 27 24 32 67 95 118 238 
60 26 25 33 69 106 120 237 
62 28 26 31 70 106 124 260 
51 28 25 31 70 114 142 252 
49 27 26 32 67 122 151 257 
48 26 25 32 61 111 167 267 
45 24 25 30 59 111 173 273 
48 27 24 33 60 113 181 283 
49 26 23 33 65 108 164 305 
51 27 25 33 61 98 174 345 
47 25 26 32 56 91 169 347 
50 24 27 35 68 96 164 362 
61 27 29 34 64 94 163 377 
59 27 29 33 59 94 156 314 
58 29 27 36 59 98 135 279 
65 30 27 37 59 96 131 282 
68 33 27 35 43 130 255 331 
55 27 26 37 45 135 265 310 
54 29 26 41 66 140 270 313 
54 27 24 37 71 140 270 296 
52 27 25 35 70 143 265 298 
51 25 24 39 75 111 147 258 
50 24 28 39 79 106 114 233 
47 23 27 34 65 94 102 230 
50 24 27 33 61 91 98 237 
48 24 27 34 61 86 124 237 
46 25 28 32 57 74 128 197 
46 27 24 31 64 82 142 212 
47 26 25 34 64 80 141 229 
47 26 27 35 68 100 139 226 
46 27 26 35 69 101 133 256 
44 25 26 33 67 100 155 259 
48 25 26 35 59 94 142 257 
47 25 26 31 54 98 140 236 
44 26 26 34 55 85 138 228 
46 28 25 33 54 89 142 203 
44 29 24 34 53 90 104 215 
42 26 24 30 48 88 103 212 
44 26 24 34 58 83 100 227 
42 26 22 33 68 92 111 268 
38 22 23 33 67 96 82 247 
42 22 24 34 65 109 94 241 
41 24 23 36 69 106 93 230 
