34 109 26 35 41 26 27 26 
44 119 28 34 44 30 26 29 
44 69 25 33 40 27 25 29 
69 114 38 33 42 30 41 63 
67 118 37 32 40 40 48 65 
68 118 39 34 45 61 52 65 
74 110 40 55 144 203 126 212 
80 172 52 54 147 211 129 222 
105 183 80 56 148 218 129 226 
124 197 88 60 152 226 140 243 
129 199 91 76 209 272 176 250 
123 199 94 64 165 203 145 156 
122 162 90 67 169 204 149 161 
98 127 61 67 178 212 153 169 
74 99 52 76 212 264 173 152 
67 94 46 64 168 226 147 151 
85 148 71 61 167 226 140 174 
84 152 72 59 168 230 141 173 
72 148 73 57 159 219 135 169 
77 150 71 39 112 150 104 207 
81 151 71 49 171 219 182 237 
65 102 42 50 174 220 221 255 
71 122 42 49 168 214 228 256 
91 137 41 49 170 219 236 254 
93 136 40 50 165 224 323 272 
89 139 40 33 88 159 301 260 
95 150 47 30 69 152 349 248 
91 139 85 29 66 145 353 267 
89 128 94 29 62 140 413 290 
88 134 96 25 60 138 443 274 
88 134 97 29 45 120 494 287 
86 120 95 30 51 131 502 282 
90 158 75 37 66 162 576 280 
82 183 90 38 65 176 575 337 
85 198 100 42 67 191 571 319 
94 230 104 42 67 215 561 314 
100 240 103 46 73 220 547 310 
114 215 130 45 74 222 546 317 
145 251 150 63 77 255 571 253 
140 254 145 60 75 255 623 270 
144 264 166 64 79 280 709 340 
140 274 194 71 95 321 809 357 
128 282 177 73 98 348 874 360 
105 327 184 63 97 328 887 353 
140 331 193 71 100 416 891 413 
139 309 175 72 106 409 897 363 
146 319 174 73 93 412 911 352 
150 381 197 74 86 434 896 356 
194 410 171 87 92 510 896 373 
187 428 180 83 98 481 924 379 
190 429 186 94 103 536 877 386 
193 435 165 90 111 523 844 388 
193 380 150 91 120 496 792 423 
144 288 146 83 122 431 847 548 
140 349 136 86 118 399 790 505 
144 358 132 81 119 330 805 505 
146 338 140 83 133 357 805 545 
145 334 123 87 135 363 780 537 
149 339 143 82 129 346 692 411 
190 244 149 89 134 358 727 535 
179 252 160 81 124 334 697 533 
175 265 160 95 212 365 696 575 
180 268 155 97 219 353 695 572 
171 232 134 100 230 365 684 574 
116 280 134 96 232 357 594 519 
157 275 127 94 235 366 557 591 
192 278 122 79 157 291 417 562 
198 278 125 71 160 311 403 559 
197 312 148 66 156 337 419 550 
219 261 131 79 244 383 407 559 
207 244 155 114 311 431 414 529 
182 248 248 119 316 436 421 499 
194 237 250 121 312 410 476 480 
196 187 241 125 323 419 484 509 
192 183 240 118 275 381 480 461 
177 176 258 95 200 311 468 395 
174 184 241 104 179 292 546 358 
170 242 257 104 177 326 561 414 
182 250 258 109 163 275 534 399 
164 245 269 106 144 260 545 375 
173 276 241 106 149 275 563 385 
264 274 183 94 173 295 469 407 
268 229 163 94 174 264 368 332 
263 223 185 90 173 272 382 295 
267 225 213 92 169 255 349 330 
269 213 214 82 160 237 317 320 
179 172 205 78 145 220 320 287 
174 187 223 84 236 295 348 281 
174 187 216 78 252 293 309 288 
165 226 177 74 257 303 488 223 
158 214 175 73 261 335 628 221 
147 215 178 177 316 364 667 207 
116 193 147 185 269 348 710 202 
99 193 135 188 270 350 764 169 
83 137 126 196 280 362 675 140 
68 97 108 200 337 362 682 132 
64 79 87 131 317 331 684 204 
77 84 98 119 310 299 661 354 
137 131 211 117 299 280 620 425 
146 136 220 104 285 247 636 436 
147 142 228 97 217 214 526 435 
152 149 240 89 177 222 497 421 
184 164 249 87 164 204 504 490 
151 119 155 82 149 231 583 480 
147 123 214 83 165 231 560 481 
153 121 232 85 161 212 532 504 
154 112 227 88 144 216 508 555 
136 106 240 80 146 238 469 462 
149 111 272 84 157 217 367 471 
146 99 222 81 142 213 360 481 
144 104 208 85 151 211 366 484 
148 108 205 71 170 225 423 474 
133 91 197 80 172 237 409 457 
112 85 158 76 166 234 368 422 
115 87 164 75 157 231 356 433 
108 73 153 66 139 237 343 440 
98 74 153 68 109 205 263 447 
90 85 157 70 101 183 276 413 
108 92 162 65 86 173 258 417 
104 91 168 73 118 220 267 409 
100 91 170 75 122 221 257 404 
103 85 165 71 120 247 288 334 
106 74 127 72 123 224 253 345 
102 70 151 81 131 252 266 333 
102 69 140 80 139 264 292 310 
108 70 130 78 139 267 301 274 
102 71 129 77 140 243 298 259 
97 69 130 64 132 242 320 252 
91 65 86 71 142 244 319 257 
106 65 76 69 130 207 294 300 
116 60 75 70 126 211 285 344 
109 60 82 76 136 221 259 375 
111 55 79 78 153 281 286 374 
106 52 79 68 147 277 312 364 
90 54 141 68 136 280 331 377 
77 58 143 76 151 293 325 390 
77 54 142 72 153 309 347 368 
72 56 176 72 144 266 326 378 
83 67 183 66 136 252 296 395 
91 64 141 62 151 271 270 354 
88 62 141 50 134 250 254 299 
96 79 149 48 131 258 414 343 
103 88 116 59 154 282 450 330 
97 78 105 56 157 288 449 371 
92 83 114 58 139 252 458 369 
89 83 116 60 149 251 466 354 
82 68 101 60 154 229 319 342 
78 53 89 53 147 274 265 338 
82 66 88 56 143 266 261 258 
75 61 83 60 168 280 300 260 
81 56 75 56 162 292 321 278 
88 55 70 53 150 286 313 286 
88 62 75 59 159 273 323 311 
99 47 61 58 170 307 358 302 
102 46 48 52 147 304 350 291 
102 50 48 56 150 306 318 280 
95 48 49 59 170 328 309 243 
95 40 49 52 151 279 297 205 
91 47 58 50 137 242 284 208 
90 50 61 60 148 252 242 200 
85 49 62 57 152 251 379 251 
88 56 60 54 128 222 383 243 
79 58 53 53 121 228 382 244 
60 56 42 53 124 224 359 276 
62 52 43 40 105 199 426 307 
71 50 40 37 106 225 322 279 
68 44 41 40 110 220 313 267 
72 39 40 36 102 211 302 286 
64 41 43 36 104 223 363 253 
67 51 38 33 102 217 307 223 
82 129 41 35 87 160 299 188 
90 139 39 34 80 150 353 206 
97 144 44 41 115 189 368 200 
99 143 43 46 116 191 343 202 
99 144 45 52 121 192 335 210 
98 89 53 51 119 194 357 214 
95 82 55 52 130 206 316 244 
87 73 51 46 113 201 304 257 
88 74 49 41 106 184 265 261 
85 68 49 37 105 202 242 265 
61 70 37 42 126 209 237 268 
65 80 37 40 114 199 247 254 
63 83 37 41 108 174 244 247 
69 89 38 48 112 186 260 252 
73 97 35 46 110 170 258 246 
75 90 34 46 117 207 391 248 
68 82 29 46 124 218 387 230 
74 85 34 45 125 214 381 221 
67 77 36 37 119 205 387 216 
70 69 36 41 132 243 406 234 
73 72 36 39 111 215 250 229 
77 81 36 43 111 215 237 222 
94 87 29 41 101 203 246 232 
100 120 28 40 98 196 216 268 
98 125 28 36 79 156 192 252 
100 125 34 36 72 143 196 261 
116 139 87 31 61 134 189 291 
104 137 90 32 60 136 178 292 
104 127 94 40 107 162 191 274 
107 158 95 40 106 157 186 273 
111 184 95 37 106 150 186 291 
93 181 56 39 106 142 181 280 
86 180 54 40 106 134 182 260 
87 171 47 32 58 109 234 237 
86 143 47 31 51 92 223 261 
85 110 41 31 49 97 267 249 
82 86 36 27 47 94 270 252 
86 110 37 21 40 93 265 277 
91 126 45 22 37 83 218 319 
84 134 44 23 34 86 242 299 
78 136 43 25 37 85 232 314 
80 136 40 25 38 91 304 304 
76 115 38 30 51 118 334 293 
64 95 30 29 52 121 328 285 
65 80 28 28 55 135 381 297 
78 85 32 26 53 134 367 273 
76 84 32 30 48 127 325 310 
76 82 30 26 39 112 301 296 
75 79 28 26 43 108 312 264 
81 69 28 25 43 96 241 282 
62 49 25 26 44 93 247 292 
63 47 30 24 45 106 235 309 
66 48 32 28 41 103 224 342 
66 47 33 28 43 110 215 349 
62 54 33 31 43 116 236 354 
65 62 33 33 44 127 246 368 
67 62 29 33 50 116 254 330 
64 56 27 30 52 131 393 326 
62 55 29 29 49 130 409 315 
65 59 31 27 48 124 407 307 
62 51 32 23 46 121 413 268 
58 48 32 22 43 136 419 265 
70 63 32 25 40 127 360 313 
71 68 32 24 37 123 349 314 
63 58 28 23 40 122 327 293 
67 63 27 24 38 112 315 329 
71 64 28 27 41 106 297 321 
60 50 28 27 47 113 227 239 
59 42 26 27 51 111 204 240 
60 44 28 30 48 116 249 244 
54 33 26 31 49 120 264 231 
51 33 30 30 45 112 280 245 
56 33 29 29 41 99 266 255 
59 35 30 29 40 110 286 269 
62 36 28 28 43 108 268 278 
62 34 28 28 45 107 268 253 
62 63 25 26 46 116 273 267 
57 68 29 23 44 117 275 259 
53 67 29 23 42 108 276 253 
50 68 31 22 39 101 312 250 
51 68 32 22 39 99 297 278 
51 41 31 24 37 86 274 251 
49 29 27 26 37 79 301 246 
50 45 27 27 35 85 313 267 
52 46 29 26 34 81 266 262 
54 48 33 26 33 120 363 235 
52 48 33 27 38 131 366 222 
50 47 33 26 39 132 346 229 
50 36 33 29 40 135 385 218 
49 33 29 29 41 136 382 207 
55 64 23 27 40 104 303 209 
54 69 24 25 40 92 300 219 
54 71 24 27 39 96 328 211 
57 70 25 25 37 86 247 184 
55 71 25 24 38 95 272 240 
50 43 25 26 44 102 263 237 
47 41 29 26 39 100 263 234 
49 47 29 25 43 97 220 255 
