0.0765855759382 -0.0116891982034 0.558422386646 -0.398709170113 0.649173296376 -0.644707608625 0.0629057097724 
0.071923725307 -0.0120737282559 0.554862380028 -0.395692226867 0.650749959076 -0.644384751839 0.0687054870947 
0.0727384462953 -0.0127397757024 0.555356562138 -0.402320407711 0.657227683953 -0.634128289815 0.0638073118128 
0.0732278525829 -0.0130787808448 0.556416928768 -0.396406958332 0.647427982075 -0.64697619755 0.0715564896812 
0.0732995867729 -0.0132711222395 0.555568397045 -0.395815204849 0.647795614509 -0.646753372695 0.0734931312531 
0.0733008161187 -0.0134127466008 0.555197477341 -0.400064896247 0.652039372236 -0.640450131788 0.0679438337056 
0.0733390748501 -0.0134209562093 0.55576890707 -0.398973740418 0.654186863224 -0.638789050559 0.0693401134142 
0.0731823369861 -0.0134874712676 0.554884493351 -0.399552998136 0.649582001404 -0.643110861847 0.0693472746945 
0.0730944499373 -0.0136043811217 0.553606271744 -0.402277023571 0.654241992304 -0.636909952388 0.0669800295776 
0.0735275149345 -0.0137655166909 0.555124998093 -0.397447658946 0.648620777442 -0.645143262836 0.0715305241573 
0.0739608183503 -0.0141341080889 0.555916547775 -0.400126325684 0.649965245617 -0.642301327993 0.0699507472601 
0.0741371363401 -0.0144453849643 0.554280042648 -0.402239777151 0.646699240145 -0.644408631858 0.068707857341 
0.0743102878332 -0.0145655395463 0.554827570915 -0.403576872923 0.650324132307 -0.639954034905 0.068286629659 
0.074228875339 -0.014544098638 0.555006206036 -0.402513264452 0.651133485934 -0.639730185657 0.0689459570598 
0.0737583786249 -0.0145729975775 0.553852617741 -0.402924012603 0.649976127735 -0.640886984031 0.0666869338281 
0.0730749666691 -0.0146774062887 0.552992224693 -0.40047068267 0.647610794061 -0.643838163449 0.0754712595971 
0.071608401835 -0.0148425251245 0.54966121912 0.400971210413 -0.643476100386 0.647625331927 -0.0757761578438 
0.0699600726366 -0.0153726302087 0.547133386135 -0.396459663229 0.646917167751 -0.646863932532 0.07671353394 
0.0676046907902 -0.0166820529848 0.541591405869 -0.398504371131 0.647629324482 -0.64448377167 0.0800699214056 
0.0649223402143 -0.0184553489089 0.534384429455 0.392838814139 -0.636651756208 0.656497286126 -0.0967652868181 
0.0620179511607 -0.0204483624548 0.525912821293 0.38857488646 -0.643185076632 0.651049094402 -0.107040139614 
0.0589519329369 -0.0225957203656 0.515671908855 0.392115233097 -0.644948382881 0.645846422282 -0.114758991883 
0.0556135289371 -0.0237927213311 0.507335424423 -0.38026525618 0.65152757524 -0.642759542259 0.133305380535 
0.0526504404843 -0.0246326737106 0.500949203968 0.372934563407 -0.646058312334 0.647965171597 -0.153849292745 
0.0493363551795 -0.0245700068772 0.493098884821 -0.373447315497 0.663853044657 -0.629166347302 0.154873965116 
0.0462661460042 -0.0244805719703 0.488501161337 -0.3885362913 0.65101775448 -0.633319672041 0.155311386255 
0.0429624840617 -0.0236207358539 0.485471129417 -0.370959247347 0.661017280587 -0.627083040835 0.179477718593 
0.0392352081835 -0.0222770813853 0.480816215277 -0.355750368628 0.659223164404 -0.629981174334 0.204915140287 
0.0358749851584 -0.0206966977566 0.476507395506 -0.359864292192 0.665889752222 -0.620250007863 0.205860284748 
0.0326543450356 -0.0190877746791 0.469766318798 -0.369765745614 0.652342810575 -0.630372587826 0.200879444887 
0.0306502114981 -0.0183596201241 0.467747926712 -0.367011024405 0.646549179449 -0.634112104467 0.212553300345 
0.0290718544275 -0.0176952537149 0.464414924383 0.369886367741 -0.634379278539 0.643485060363 -0.216041623327 
0.0281621143222 -0.0175716560334 0.463625103235 -0.369133833496 0.638600625778 -0.637336353241 0.223006337495 
0.0277638211846 -0.0182277988642 0.461814820766 0.376982838514 -0.624498906459 0.644462510945 -0.229244688674 
0.0274530667812 -0.0189783386886 0.4599635005 0.388188286584 -0.62024800105 0.64114638813 -0.231373248973 
0.027022510767 -0.0192124862224 0.4595028162 0.388130214379 -0.606273395853 0.650909518825 -0.241048344673 
0.0263775847852 -0.0192642230541 0.458874106407 0.392034227103 -0.598990125687 0.652400243809 -0.248784878936 
0.025786485523 -0.0191766433418 0.457758426666 0.401608203068 -0.589911303428 0.655349375733 -0.247452421776 
0.0254378989339 -0.019133573398 0.459056466818 0.405713231821 -0.585016125695 0.656002620129 -0.250626153036 
0.0250880420208 -0.0191665515304 0.458902984858 0.408700945578 -0.57804819918 0.658809679063 -0.254545915861 
0.0250608604401 -0.0190671663731 0.459453314543 0.412817633035 -0.567657094092 0.664965922196 -0.255278960551 
0.0252717006952 -0.0191135276109 0.460389852524 0.41353636116 -0.555306882368 0.674322685623 -0.256731104559 
0.0257556885481 -0.0194520838559 0.462580531836 0.415132626033 -0.558658847271 0.668658612219 -0.261650254107 
0.026167050004 -0.0193271152675 0.4636939466 0.417377337169 -0.555983956175 0.670230973662 -0.259746878399 
0.0267846081406 -0.019027903676 0.465921998024 0.41905625337 -0.568500576406 0.660144556434 -0.255750104103 
0.0273431483656 -0.0183549784124 0.467099219561 0.414377398598 -0.589090209744 0.644453107715 -0.256796199878 
0.0278696417809 -0.0170748885721 0.469681382179 0.402599045124 -0.603606191869 0.637815948589 -0.258388060344 
0.0285490136594 -0.0150035554543 0.471570312977 0.389670475196 -0.625268246389 0.628171808507 -0.25019336485 
0.0296883173287 -0.0134659670293 0.474065244198 -0.366677710567 0.643830876952 -0.618969729981 0.260587282546 
0.0307667590678 -0.0119538949803 0.476024627686 -0.350454529396 0.652777328757 -0.618498064981 0.261769985868 
0.0321578830481 -0.0106444787234 0.479068934917 -0.301579509931 0.684495046536 -0.592790805189 0.298522012154 
0.0332113467157 -0.00970033649355 0.481052219868 -0.334474398143 0.67089537863 -0.608971800539 0.259190304732 
0.0344426892698 -0.00866394862533 0.484321027994 -0.321834814082 0.692815501289 -0.591983933275 0.256873619439 
0.0359205342829 -0.00768750160933 0.485034555197 -0.29695501928 0.694052066433 -0.598823751514 0.267431412193 
0.0375246554613 -0.00773863727227 0.485461384058 -0.286272946087 0.700716230683 -0.59340452064 0.273707214519 
0.0388441868126 -0.00822788942605 0.486945718527 -0.295842370449 0.699362344834 -0.596318711363 0.260333626246 
0.040202062577 -0.00871469918638 0.487604647875 -0.2772529468 0.706456426209 -0.589244136873 0.27720293743 
0.0417946018279 -0.00987601373345 0.490155816078 -0.329388192039 0.660897694949 -0.634971930399 0.226998465549 
0.0434973724186 -0.0112470109016 0.491680115461 -0.325288409589 0.700341840466 -0.591510111584 0.232001174509 
0.0453708767891 -0.0128607740626 0.493949741125 0.321012259847 -0.633402474993 0.658909058311 -0.248175918606 
0.0471465215087 -0.0143115045503 0.498784929514 -0.336145179947 0.666734506857 -0.620560234043 0.239533946005 
0.0485966093838 -0.0158072244376 0.500719845295 -0.339409158462 0.644574151705 -0.637899491665 0.24981958418 
0.0498169921339 -0.0171491578221 0.503406763077 0.361573122748 -0.621653190255 0.650916102724 -0.243146900386 
0.0505664870143 -0.0182206239551 0.504622101784 0.376781211864 -0.618726823238 0.647631962692 -0.236190341656 
0.0509872995317 -0.0194365885109 0.505091309547 0.391675213637 -0.621397370183 0.63719525119 -0.233319624578 
0.0509958192706 -0.0200846083462 0.505592167377 0.397134337557 -0.602127246961 0.650425330057 -0.238062988347 
0.0512594468892 -0.0207606535405 0.50772190094 0.422089359759 -0.60588278177 0.637723195314 -0.219216224973 
0.0511382631958 -0.021547537297 0.507020831108 0.434564210366 -0.59498952345 0.640352642153 -0.217002091561 
0.0496361479163 -0.0201101601124 0.506563484669 0.433038921136 -0.605588199921 0.627996034487 -0.226630107369 
0.0499424114823 -0.0205896943808 0.505670249462 0.42133859815 -0.607148399109 0.62766999307 -0.244693659437 
0.0501257181168 -0.0208852440119 0.504410982132 0.416600373428 -0.602551886757 0.632640512523 -0.251279395375 
0.0501324385405 -0.0211588870734 0.50376522541 0.416469560245 -0.600193416148 0.634395765352 -0.252711261137 
0.0502651445568 -0.0214823111892 0.503950417042 0.410596296657 -0.597309434066 0.638458830961 -0.258848299814 
0.0504153445363 -0.0218237061054 0.503985106945 0.429590788874 -0.601889841581 0.628353329154 -0.241562551851 
0.0503223016858 -0.0225108675659 0.503402173519 0.416113324988 -0.599208573142 0.631076642724 -0.263706385302 
0.0500326044858 -0.0227529294789 0.502203881741 0.420220565235 -0.594337334383 0.632592332255 -0.264584108902 
0.0512944236398 -0.0242825821042 0.507928490639 0.458477610226 -0.593806711667 0.613525012416 -0.246533829811 
0.0506855323911 -0.0246025901288 0.50808930397 0.471620942452 -0.497649065931 0.678929169923 -0.262629541456 
0.0503984205425 -0.0244175288826 0.512075662613 0.481176212187 -0.490083127081 0.679910093701 -0.256924591776 
0.0494417101145 -0.0236385706812 0.511279761791 0.485478277788 -0.475634543767 0.687776419817 -0.255041602322 
0.0484625212848 -0.0229591876268 0.513025522232 0.489444337775 -0.478476755038 0.68508292879 -0.249330334675 
0.0470015890896 -0.0223051588982 0.510732293129 0.49368327265 -0.469947336705 0.688751480492 -0.247078378554 
0.0452663972974 -0.0214046221226 0.51160544157 0.491760923134 -0.479735461741 0.683060192619 -0.24789887956 
0.0427338890731 -0.0199339892715 0.50934535265 0.489864940904 -0.486125466921 0.681050709138 -0.244712692085 
0.0403005555272 -0.0186620075256 0.505502521992 0.487711942113 -0.491424207051 0.680933497948 -0.238681548546 
0.0385218895972 -0.0180680882186 0.500539064407 0.486234811844 -0.491264633207 0.682953466361 -0.236239985389 
0.0372652672231 -0.0181740112603 0.497639119625 0.483385943144 -0.494914854325 0.682296525212 -0.236365751797 
0.036492779851 -0.0187923163176 0.495050042868 0.484954886779 -0.501378057287 0.678338165637 -0.230859555793 
0.0338440872729 -0.0235786624253 0.472301512957 0.455978266204 -0.521319781833 0.672169416951 -0.261720806844 
0.0329492427409 -0.0225542746484 0.46763497591 -0.503848105319 0.626798284657 -0.557334302912 0.206493273293 
0.0338757000864 -0.0218571443111 0.471042275429 -0.439617992919 0.615462657615 -0.607009244615 0.24388832349 
0.0342754386365 -0.0218212008476 0.472012400627 0.412976712297 -0.596011064199 0.632368284059 -0.272637854616 
0.034643791616 -0.021552555263 0.471808582544 0.4155994404 -0.603296518888 0.626748637453 -0.265511884644 
0.0352408438921 -0.0213844887912 0.473426729441 -0.406621759073 0.621806249022 -0.612165718127 0.270682225636 
0.0359518676996 -0.0212773289531 0.473900616169 -0.394350374417 0.621662955373 -0.617022656826 0.278039553081 
0.0366241857409 -0.0210541076958 0.474094420671 -0.377939787111 0.625281211593 -0.617606216007 0.291114214179 
0.0373923256993 -0.0209235139191 0.474297136068 -0.383675277429 0.629075333842 -0.614610635638 0.281622570831 
0.0387459807098 -0.0207521803677 0.476515978575 -0.335464609994 0.675408848474 -0.57127166628 0.32393682432 
0.0397800430655 -0.0206017382443 0.475804597139 -0.341660040715 0.69373981899 -0.551169961455 0.313377015296 
0.0410685352981 -0.0205554310232 0.476698547602 -0.343903966126 0.695484508337 -0.54852035183 0.311699830566 
0.0420474335551 -0.020169492811 0.478583931923 -0.340475979256 0.697400273553 -0.547920628676 0.312237010409 
0.04295155406 -0.0198131557554 0.481255829334 -0.337110369281 0.686623110763 -0.560268703348 0.317811709567 
0.0434495806694 -0.0195465926081 0.481670349836 -0.337593878681 0.694013906424 -0.552954997074 0.314031593916 
0.0440279282629 -0.019297234714 0.484025776386 -0.341698384574 0.692595118034 -0.55463480015 0.309732876715 
0.0443922542036 -0.0192150883377 0.484627902508 -0.345568749743 0.694891527027 -0.551786211614 0.305352225372 
0.0448951348662 -0.019385356456 0.485579878092 -0.347976179979 0.691796054459 -0.555078358044 0.303675507135 
0.0454825647175 -0.0195864103734 0.486800968647 -0.337535978091 0.693524974891 -0.553445639216 0.314309556218 
0.0459192320704 -0.0197151359171 0.487474322319 -0.341703540525 0.69472240732 -0.550896390495 0.311629000736 
0.0463452637196 -0.0198908858001 0.487180113792 -0.338636088768 0.706416015992 -0.537171198534 0.312648549013 
0.0468259230256 -0.0202232562006 0.488386809826 -0.339005913001 0.698720697352 -0.545670527441 0.314814315946 
0.047029837966 -0.0202738102525 0.488375902176 -0.339383737502 0.703541837772 -0.540063177446 0.313335803239 
0.0472575351596 -0.0203924365342 0.488990515471 -0.341299795185 0.702991981363 -0.54090438603 0.311029209432 
0.0474099591374 -0.0204522684216 0.489325433969 -0.351065970654 0.698941948264 -0.544324109233 0.303222857506 
0.0475709922612 -0.0204218942672 0.490300804377 -0.354024627787 0.69646797281 -0.547448483495 0.299831758975 
0.0476671643555 -0.0204543229192 0.490493774414 -0.35126031757 0.693355788038 -0.551424142847 0.302993985387 
0.0477025397122 -0.0204974897206 0.490496307611 -0.349335438429 0.690392841661 -0.555172732948 0.305132286447 
0.0476183891296 -0.0204671956599 0.489777803421 -0.347336810521 0.697383206794 -0.547748546339 0.304934965069 
0.0476176440716 -0.0205280352384 0.490076512098 -0.352542971664 0.692095783067 -0.553101295189 0.301323476435 
0.0475458651781 -0.0205590985715 0.489725589752 -0.345246931596 0.699111203525 -0.545740327654 0.306945558856 
0.0476250424981 -0.0206635724753 0.490536600351 -0.34428910054 0.689359598871 -0.556938730987 0.309947751437 
0.0475411340594 -0.0206163171679 0.490329027176 -0.342330503927 0.693972528739 -0.551861564299 0.310903150975 
0.0474964082241 -0.0206903889775 0.490666627884 -0.351372025095 0.688932337003 -0.557447792764 0.301930278963 
0.0474316254258 -0.0206510964781 0.490285038948 -0.342892497776 0.690111562477 -0.556814208091 0.310046293273 
0.0471459589899 -0.0204346310347 0.488854050636 -0.331955207922 0.703443583169 -0.542854644562 0.31667285976 
0.047106526792 -0.0204583331943 0.489308893681 -0.338844213888 0.699117848236 -0.547202174233 0.311429949598 
0.0471754148602 -0.0206302721053 0.490154832602 -0.335396591196 0.690309033654 -0.557984451983 0.315651573757 
0.0471181385219 -0.020538887009 0.489315479994 -0.337505297564 0.692891587014 -0.555020446769 0.31295962428 
0.0473496727645 -0.0207831300795 0.490043014288 -0.339252781868 0.68721812689 -0.561569176599 0.311895585032 
0.0475453063846 -0.021084766835 0.488965004683 -0.348691049268 0.693758622785 -0.552878811983 0.302388069758 
0.0479890629649 -0.0215787924826 0.488813310862 -0.344486676533 0.697170295215 -0.548895056118 0.306588855848 
0.0487480461597 -0.0221540834755 0.488403230906 -0.339873387717 0.701736983337 -0.543666280601 0.310609500621 
0.0500388331711 -0.0232597645372 0.489336997271 -0.351810770182 0.700570597297 -0.543279580615 0.300461840296 
0.0515576452017 -0.0243848729879 0.489475518465 -0.3576584795 0.70602674125 -0.534550161106 0.29641656152 
0.053566865623 -0.0256863106042 0.490604400635 -0.349405291819 0.717820722695 -0.519137688972 0.305197332896 
0.05570705235 -0.0271231867373 0.490900695324 -0.355017100674 0.718695680314 -0.517331353485 0.299679241904 
0.0578885599971 -0.028431115672 0.49191609025 -0.349361010705 0.70597106137 -0.531239102413 0.311988398461 
0.0597260072827 -0.0293353702873 0.49227643013 -0.3538119673 0.708316076878 -0.527905135092 0.307280971383 
0.0617026910186 -0.0303047057241 0.493810385466 -0.350247485492 0.705496435823 -0.531049341515 0.312390900674 
0.0631569549441 -0.0308613758534 0.492123574018 -0.341035480999 0.708563230507 -0.528782946675 0.319408115707 
0.065057516098 -0.0315499156713 0.493840932846 -0.358920785857 0.703986747727 -0.531678200869 0.304789795148 
0.0662987306714 -0.0317541770637 0.492857217789 -0.341300727786 0.714894080171 -0.522059127722 0.316060966446 
0.0676977857947 -0.0321994014084 0.49360793829 -0.346441806552 0.702409891669 -0.53638821523 0.314461605482 
0.0691411495209 -0.0324393361807 0.49478200078 -0.344030566661 0.709766912095 -0.529109350841 0.312917232748 
0.0700454264879 -0.0326714999974 0.494432598352 -0.340404134678 0.711286964642 -0.528755669231 0.314027580447 
0.0712007135153 -0.0328842923045 0.495702713728 -0.333317012076 0.707057112997 -0.533422793138 0.323156513444 
0.0723275914788 -0.0331214815378 0.497073918581 -0.339993485975 0.710348198363 -0.531674138097 0.311660837218 
0.0733200460672 -0.0334867611527 0.497009575367 -0.329721255318 0.71731636567 -0.523685653889 0.32014756167 
0.074860997498 -0.0343453884125 0.500599086285 -0.361259945448 0.686082184447 -0.556757616176 0.297999068504 
0.0758537948132 -0.0348577238619 0.499878555536 -0.347060011249 0.708146682579 -0.534745969538 0.303519970689 
0.0771805495024 -0.0356281399727 0.50008392334 -0.336627045131 0.713880903838 -0.527479737104 0.31435873547 
0.0786258652806 -0.036722060293 0.501642882824 -0.392462138948 0.635401917995 -0.605513675231 0.274938286183 
0.0799569562078 -0.0373930223286 0.502436161041 -0.350706343098 0.71244903305 -0.527644002994 0.301684010716 
0.0812726691365 -0.038111243397 0.502871990204 -0.345535554542 0.712922721742 -0.526099797069 0.309136502044 
0.0824410542846 -0.0387814939022 0.502757430077 -0.335884361748 0.71567397535 -0.52378072098 0.317247872916 
0.0837515890598 -0.0397696197033 0.5046043396 -0.400146146801 0.649742033652 -0.586819605237 0.270852546262 
0.0845832377672 -0.0400747768581 0.503986120224 -0.345437572673 0.708355870942 -0.53084053278 0.311629864175 
0.0858815610409 -0.0409153215587 0.505707979202 -0.352497940373 0.709266833993 -0.527817756186 0.306747740798 
0.0867446288466 -0.0417327471077 0.505670726299 -0.396310516489 0.625828450812 -0.61024411907 0.280853769451 
0.0875777676702 -0.0422121472657 0.506354987621 -0.354196434549 0.703184046961 -0.533767851391 0.308494672036 
0.0881437733769 -0.0426526069641 0.504758000374 -0.343020248684 0.721781906049 -0.512043796496 0.314927197241 
0.0890208035707 -0.04330958426 0.504905760288 -0.343463075547 0.712843854834 -0.522285102915 0.317970164692 
0.089805573225 -0.0438937209547 0.505463182926 -0.358301545779 0.714178666945 -0.517997809952 0.305363885973 
0.0906764045358 -0.044552795589 0.506035387516 -0.36071823087 0.708345386695 -0.523579655847 0.306583618364 
0.0913229510188 -0.0450419336557 0.505692780018 -0.359444074952 0.710152300592 -0.520374989486 0.309343720257 
0.091849796474 -0.0454718843102 0.505658447742 -0.342793481626 0.705928808472 -0.527314509035 0.325724661156 
0.0917252004147 -0.0456027314067 0.504234194756 -0.345507200356 0.709939765809 -0.521661158785 0.323233567008 
0.0915028452873 -0.0457482561469 0.503748953342 -0.349549655902 0.711487513341 -0.519887923795 0.318303476436 
0.0912518426776 -0.046030394733 0.503912866116 -0.411523006765 0.65647758348 -0.569975446463 0.273521457514 
0.0907529890537 -0.0459445044398 0.503969609737 -0.420258379788 0.657932507909 -0.565864339422 0.265151388126 
0.0899969339371 -0.0454981513321 0.502661287785 -0.346336822814 0.705115576748 -0.526744379678 0.32465856999 
0.0892389267683 -0.0452681332827 0.502443432808 -0.357440314747 0.705431399026 -0.524015009205 0.316245526118 
0.0882108062506 -0.0447756424546 0.50168633461 -0.337528644858 0.704414418177 -0.526660800759 0.335414880869 
0.0872637555003 -0.0443348884583 0.501876473427 -0.347213689188 0.707190427278 -0.522844484535 0.325511902391 
0.0866771489382 -0.0442434288561 0.502389967442 -0.345897520036 0.701213354462 -0.529549808165 0.328985923451 
0.0858995467424 -0.0445784665644 0.502256333828 -0.417657181537 0.652557272021 -0.569175885573 0.275264049097 
0.0850347280502 -0.043996617198 0.500994324684 -0.34681962152 0.703172916042 -0.524267739874 0.332275995523 
0.0845367535949 -0.0438625104725 0.501640796661 -0.349949511966 0.696838870141 -0.531778664763 0.33039730604 
0.0839138701558 -0.0437029376626 0.50071978569 -0.35035195817 0.698353658381 -0.528872188509 0.331436089545 
0.0835173502564 -0.0439356192946 0.501209795475 -0.416816118299 0.653929423933 -0.566777402122 0.278215758871 
0.0831330269575 -0.0439597852528 0.50091868639 -0.411708427206 0.645663211525 -0.576210590693 0.285651086858 
0.0828636959195 -0.0437818951905 0.500924646854 -0.349188825444 0.692452429807 -0.533354423953 0.337801502497 
0.082399494946 -0.0440078713 0.500368475914 -0.418305635167 0.642612472539 -0.575620216376 0.284131962694 
0.082390576601 -0.0439856536686 0.501200199127 -0.35406173493 0.695532779181 -0.5276036544 0.335423351611 
0.0820187777281 -0.0440683737397 0.501044213772 -0.419616667394 0.652593564075 -0.563927968322 0.282893511974 
0.0815104469657 -0.0440193191171 0.499808162451 -0.419467763447 0.638107246235 -0.57780940584 0.288101072983 
0.0808268040419 -0.0438267365098 0.499732077122 -0.418245149771 0.645199913243 -0.569316773095 0.290975047927 
0.0797706097364 -0.0432793721557 0.499497681856 -0.41735843287 0.655135162565 -0.559677254921 0.288740761944 
0.0786155685782 -0.0429442673922 0.497662693262 -0.419709531957 0.627327840854 -0.587306713825 0.292189172919 
0.0779356583953 -0.0428751073778 0.498149842024 -0.420580833566 0.644988206837 -0.567986070813 0.29067817056 
0.0768683627248 -0.0426202565432 0.496903628111 -0.426215260489 0.644449514371 -0.566761094824 0.286019643639 
0.0757753923535 -0.0424152389169 0.495717048645 -0.428124147038 0.632071241561 -0.577893560822 0.288504233373 
0.074586853385 -0.0423175171018 0.495207697153 -0.419866534114 0.630086460723 -0.580418767958 0.299695177383 
0.073526635766 -0.0422060638666 0.494864523411 -0.420733306773 0.631423459154 -0.577960142776 0.300416333051 
0.0726512372494 -0.0420559793711 0.493428438902 -0.423196165422 0.618145885902 -0.589850610276 0.301458001836 
0.072122015059 -0.0421611517668 0.494351774454 -0.427739411401 0.62338664368 -0.581789705075 0.299914700349 
0.0713035091758 -0.0415590703487 0.49454498291 -0.434222617024 0.613425670282 -0.590048835917 0.294961077325 
0.0708542913198 -0.0409324355423 0.495405077934 -0.434971120866 0.611618472159 -0.592746365698 0.292189518085 
0.0708145573735 -0.0404952690005 0.497564584017 -0.432697987928 0.621228515261 -0.583095977782 0.294697580181 
0.0707369446754 -0.039970073849 0.498083025217 0.436185847398 -0.59986298468 0.60298238821 -0.293800179796 
0.0709643289447 -0.0394725650549 0.500940322876 -0.435716612393 0.61703920295 -0.58728642744 0.290703126664 
0.0711822509766 -0.0391193255782 0.502440810204 -0.43578518587 0.608260892825 -0.595978043939 0.291410585219 
0.0713410750031 -0.0388766229153 0.503291726112 0.438869169848 -0.596427445407 0.606124566285 -0.290312184152 
0.071325622499 -0.0386764258146 0.503116905689 0.436863094452 -0.594680590221 0.608610313966 -0.291717531276 
0.0713811069727 -0.038606133312 0.503551721573 0.440130562279 -0.600397593457 0.602313881987 -0.288141988409 
0.0714756920934 -0.0386713296175 0.504354357719 0.439522445668 -0.600399872105 0.602664935525 -0.288331387155 
0.07174064219 -0.0387838222086 0.505272388458 0.441352956679 -0.599546176355 0.602693755259 -0.28724934712 
0.0721881315112 -0.0389595106244 0.505679309368 0.43997493185 -0.597951549194 0.604054337197 -0.289817808067 
0.072892151773 -0.0392249971628 0.506582856178 0.442942816329 -0.590308168398 0.609015764685 -0.290581703056 
0.0733574256301 -0.0393864959478 0.506648302078 0.445732312177 -0.591157765997 0.607547004692 -0.287648811354 
0.0738547965884 -0.0395025759935 0.50839817524 0.447868866777 -0.597293724345 0.600879396032 -0.285653000079 
0.0740380436182 -0.0394444726408 0.508960962296 -0.45219192274 0.601622313631 -0.595863137142 0.280214522367 
0.0742443874478 -0.0394599474967 0.509988903999 -0.453467160703 0.606063732665 -0.591805807938 0.277164521183 
0.074339479208 -0.0394926220179 0.509931147099 -0.453995298934 0.605765748433 -0.591922669288 0.276701427813 
0.0747638046741 -0.0395821705461 0.511139631271 -0.450646136334 0.608780938391 -0.589652947223 0.280380510538 
0.075104445219 -0.0393113829195 0.511975884438 -0.452330074039 0.602130346872 -0.595935150079 0.278743334263 
0.0756359472871 -0.039109852165 0.513443648815 -0.456319016338 0.601586315389 -0.595434734336 0.274452796692 
0.076161980629 -0.0387587100267 0.514771640301 0.451914658944 -0.591772606011 0.605668356645 -0.280613908362 
0.0766025930643 -0.0383441336453 0.517020046711 -0.457926091569 0.606052890564 -0.590150547167 0.273360421748 
0.0765625610948 -0.0378155373037 0.517590761185 0.454638153638 -0.596882826469 0.599919701445 -0.277725390522 
0.0767833665013 -0.0373642109334 0.518868803978 -0.474935613121 0.602993645117 -0.590114942588 0.250198285112 
0.0772102996707 -0.0376088880002 0.519796192646 -0.474821102245 0.607412396113 -0.58563970399 0.250242360565 
0.0774856880307 -0.038395665586 0.517603993416 0.456252052908 -0.592838245275 0.603160377032 -0.276720867909 
0.0782130211592 -0.0394703522325 0.517282009125 0.453179695673 -0.591646935398 0.604829089998 -0.280648960726 
0.0792505592108 -0.0409193150699 0.51670384407 -0.473029274804 0.605301717334 -0.585790258098 0.25826906452 
0.0803484544158 -0.0435056723654 0.514900743961 -0.449374860077 0.608308732358 -0.588402214467 0.286016704543 
0.0813288986683 -0.0463695563376 0.509902119637 0.441913865223 -0.587187642063 0.608952000902 -0.298496682276 
0.0822985842824 -0.0488907396793 0.505156576633 0.432176629668 -0.596250919247 0.601143331463 -0.310378635064 
0.0836082398891 -0.0512124411762 0.500478565693 0.428466973147 -0.595271569897 0.601812606286 -0.316052840377 
0.0852364599705 -0.0534615665674 0.498948901892 -0.431694419512 0.615005025076 -0.579704826066 0.315200034786 
0.0869267061353 -0.0554852038622 0.496642559767 -0.429334784818 0.607533329154 -0.58813446862 0.317289683621 
0.0890147984028 -0.0577946342528 0.496113687754 -0.431602807093 0.613878267819 -0.579373671845 0.318117333042 
0.0913496911526 -0.0601767078042 0.496420711279 -0.435505970725 0.631278467598 -0.560606364727 0.312318026437 
0.0933365747333 -0.062432102859 0.49440741539 -0.414164781455 0.635407435282 -0.563410568969 0.32755679777 
0.0959552377462 -0.065372556448 0.495268166065 -0.418407560516 0.706242299362 -0.480292401511 0.30899213088 
0.0993709713221 -0.068900808692 0.493378072977 -0.375356585225 0.614471153668 -0.591776853548 0.36239866286 
0.101802028716 -0.0715569332242 0.48910716176 -0.414616354622 0.723512454162 -0.455815747913 0.311215377362 
0.104494743049 -0.0741496905684 0.48593890667 -0.421816829412 0.736870387818 -0.436286348125 0.297904038948 
0.107247568667 -0.0766632556915 0.482919484377 -0.423578810988 0.725540151213 -0.451209918715 0.300968584926 
0.109388746321 -0.0783193707466 0.477908223867 -0.391241636615 0.732921273846 -0.450859697641 0.326315677169 
0.111827731133 -0.0802318900824 0.476738870144 -0.424986908715 0.653394269623 -0.541236470441 0.315476051246 
0.11365519464 -0.0815081372857 0.474402487278 -0.439200744208 0.658457135456 -0.529033414967 0.306040116494 
0.114815868437 -0.0823780596256 0.472261071205 -0.455808840392 0.652879158393 -0.531058894378 0.289764656677 
0.116013735533 -0.0832445248961 0.471211880445 -0.461814116387 0.649326695831 -0.531769425917 0.286921316125 
0.116835579276 -0.0838667824864 0.469805657864 -0.469502802433 0.654235156126 -0.522885055571 0.279525844345 
0.117961093783 -0.0844598934054 0.469857811928 -0.469879758045 0.644139076676 -0.533815748928 0.281671100888 
0.119445048273 -0.0853111669421 0.471488326788 -0.471281686026 0.64507366954 -0.532087916775 0.280456738382 
0.120867229998 -0.0859160795808 0.472750782967 -0.470950398996 0.652948541816 -0.523107209257 0.279683340674 
0.122061826289 -0.0863792598248 0.473253071308 -0.470590681234 0.650678933185 -0.525405932819 0.281264897213 
0.123058348894 -0.0867800191045 0.473333775997 -0.477335578958 0.655299192509 -0.517571469458 0.273593653729 
0.124646350741 -0.0875344201922 0.474724709988 -0.470654135035 0.648374225607 -0.527071469359 0.283357044962 
0.126095309854 -0.0884143412113 0.475353807211 -0.470103076591 0.652941638107 -0.52123042876 0.2845859356 
0.127003058791 -0.0889321044087 0.474234879017 -0.476888361002 0.648098017322 -0.524237548453 0.278785659381 
0.128179311752 -0.0896368250251 0.474278897047 -0.479813691199 0.653780003379 -0.515688753787 0.27643378617 
0.129956185818 -0.0907787680626 0.475468784571 -0.472232397008 0.65952705108 -0.511634218302 0.283286178223 
0.13169541955 -0.0919110029936 0.475503534079 -0.467756931233 0.648379296806 -0.524385810082 0.292962903694 
0.133149698377 -0.0927711725235 0.474251568317 -0.477538496299 0.648504333679 -0.518754042317 0.286868188079 
0.134609922767 -0.0934887751937 0.474136352539 -0.482800689859 0.652630928878 -0.510276560002 0.283891170798 
0.13569021225 -0.0940261557698 0.473616242409 -0.48117151828 0.644133515711 -0.519789098476 0.288765089715 
0.136444687843 -0.0943949818611 0.473415404558 -0.487201541036 0.648741950365 -0.511267319035 0.283503560358 
