time,left_s0,left_s1,left_e0,left_e1,left_w0,left_w1,left_w2,left_gripper,right_s0,right_s1,right_e0,right_e1,right_w0,right_w1,right_w2,right_gripper
0.549200,-0.836019529398,-0.970242848338,0.378509759411,1.26246618843,-0.202868959198,1.1907525866,1.66168468848,95.5128173828,-0.948000126913,-1.41701475281,0.0475534044244,1.85458277255,0.0724805922276,1.2160632696,-0.169121381864,100.0
0.549347,-0.836019529398,-0.970242848338,0.378509759411,1.26246618843,-0.202868959198,1.1907525866,1.66168468848,95.5128173828,-0.948000126913,-1.41701475281,0.0475534044244,1.85458277255,0.0724805922276,1.2160632696,-0.169121381864,100.0
0.559423,-0.836019529398,-0.970242848338,0.377742769017,1.26284968363,-0.203252454395,1.1907525866,1.66168468848,95.5128173828,-0.947616631716,-1.41663125761,0.0475534044244,1.85381578216,0.0728640874246,1.2156797744,-0.167970896273,100.0
0.569460,-0.835252539004,-0.970626343534,0.378126264214,1.26246618843,-0.203252454395,1.1907525866,1.66168468848,95.5128173828,-0.94838362211,-1.41663125761,0.0475534044244,1.85419927736,0.0732475826215,1.2156797744,-0.16720390588,100.0
0.579464,-0.835636034201,-0.970626343534,0.378509759411,1.26284968363,-0.202485464001,1.1907525866,1.66206818367,95.5128173828,-0.948000126913,-1.41663125761,0.0479368996214,1.85419927736,0.0724805922276,1.2160632696,-0.167587401076,100.0
0.589456,-0.836019529398,-0.969859353141,0.377742769017,1.26284968363,-0.203635949592,1.1907525866,1.66168468848,95.5128173828,-0.94838362211,-1.41663125761,0.0475534044244,1.85419927736,0.0728640874246,1.2152962792,-0.167970896273,100.0
0.599499,-0.836019529398,-0.970242848338,0.37735927382,1.26284968363,-0.203635949592,1.1907525866,1.66168468848,95.5128173828,-0.948000126913,-1.41701475281,0.0475534044244,1.85419927736,0.0732475826215,1.2160632696,-0.167970896273,100.0
0.609616,-0.836019529398,-0.970626343534,0.378126264214,1.26246618843,-0.202868959198,1.1907525866,1.66130119328,95.5128173828,-0.94838362211,-1.41663125761,0.0479368996214,1.85381578216,0.0724805922276,1.21683025999,-0.167970896273,100.0
0.619480,-0.836403024595,-0.970626343534,0.378509759411,1.26246618843,-0.203635949592,1.1907525866,1.66130119328,95.5128173828,-0.948000126913,-1.41701475281,0.0479368996214,1.85458277255,0.0732475826215,1.2152962792,-0.168737886667,100.0
0.629466,-0.836403024595,-0.970626343534,0.378509759411,1.26208269323,-0.203252454395,1.19113608179,1.66168468848,95.5128173828,-0.948767117307,-1.41739824801,0.0479368996214,1.85496626775,0.0728640874246,1.21644676479,-0.167587401076,100.0
0.639444,-0.835636034201,-0.970626343534,0.378509759411,1.26208269323,-0.203252454395,1.1903690914,1.66168468848,95.5128173828,-0.948000126913,-1.41701475281,0.0479368996214,1.85419927736,0.0728640874246,1.21721375519,-0.167970896273,100.0
0.649467,-0.836019529398,-0.970242848338,0.378126264214,1.26246618843,-0.203252454395,1.19113608179,1.66130119328,95.5128173828,-0.94838362211,-1.41701475281,0.0471699092275,1.85458277255,0.0728640874246,1.2156797744,-0.167587401076,100.0
0.659426,-0.836019529398,-0.970242848338,0.378126264214,1.26323317882,-0.203252454395,1.1907525866,1.66206818367,95.5128173828,-0.948767117307,-1.41701475281,0.0479368996214,1.85458277255,0.0728640874246,1.2156797744,-0.167970896273,100.0
0.669411,-0.836019529398,-0.969859353141,0.377742769017,1.26323317882,-0.203252454395,1.19151957699,1.66206818367,95.5128173828,-0.948000126913,-1.41739824801,0.0479368996214,1.85419927736,0.0736310778185,1.2152962792,-0.16835439147,100.0
0.679464,-0.835636034201,-0.970242848338,0.37735927382,1.26284968363,-0.203252454395,1.19151957699,1.66130119328,95.5128173828,-0.949150612504,-1.41739824801,0.0487038900154,1.85496626775,0.0728640874246,1.21644676479,-0.167587401076,100.0
0.689502,-0.835636034201,-0.971009838731,0.378509759411,1.26284968363,-0.203635949592,1.19113608179,1.66130119328,95.5128173828,-0.94838362211,-1.41739824801,0.0483203948184,1.85458277255,0.0736310778185,1.2156797744,-0.16720390588,100.0
0.699436,-0.836019529398,-0.970242848338,0.378509759411,1.26284968363,-0.203635949592,1.19151957699,1.66168468848,95.5128173828,-0.948767117307,-1.41701475281,0.0479368996214,1.85458277255,0.0728640874246,1.21683025999,-0.16720390588,100.0
0.709481,-0.836019529398,-0.970626343534,0.378509759411,1.26208269323,-0.203252454395,1.19113608179,1.66091769808,95.5128173828,-0.948000126913,-1.41701475281,0.0483203948184,1.85419927736,0.0732475826215,1.2156797744,-0.167587401076,100.0
0.719525,-0.835636034201,-0.970626343534,0.378126264214,1.26284968363,-0.203252454395,1.1907525866,1.66130119328,95.5128173828,-0.949150612504,-1.41701475281,0.0471699092275,1.85419927736,0.0740145730155,1.2156797744,-0.167587401076,100.0
0.729456,-0.835252539004,-0.969859353141,0.377742769017,1.26246618843,-0.203252454395,1.1907525866,1.66168468848,95.5128173828,-0.948000126913,-1.4177817432,0.0479368996214,1.85419927736,0.0720970970306,1.2156797744,-0.167970896273,100.0
0.739409,-0.836403024595,-0.970626343534,0.377742769017,1.26208269323,-0.203635949592,1.19113608179,1.66206818367,95.5128173828,-0.94838362211,-1.41701475281,0.0479368996214,1.85458277255,0.0720970970306,1.2160632696,-0.167587401076,100.0
0.749411,-0.836019529398,-0.970242848338,0.378126264214,1.26284968363,-0.202485464001,1.1903690914,1.66130119328,95.5128173828,-0.94838362211,-1.41701475281,0.0479368996214,1.85534976295,0.0736310778185,1.2156797744,-0.16835439147,100.0
0.759499,-0.835252539004,-0.970626343534,0.377742769017,1.26246618843,-0.203252454395,1.1907525866,1.66168468848,95.5128173828,-0.948000126913,-1.4177817432,0.0483203948184,1.85496626775,0.0732475826215,1.2160632696,-0.168737886667,100.0
0.769463,-0.836403024595,-0.970242848338,0.378126264214,1.26323317882,-0.203252454395,1.1907525866,1.66206818367,95.5128173828,-0.948000126913,-1.4181652384,0.0479368996214,1.85419927736,0.0724805922276,1.2156797744,-0.168737886667,100.0
0.779426,-0.836786519791,-0.970242848338,0.378126264214,1.26246618843,-0.203252454395,1.1907525866,1.66168468848,95.5128173828,-0.948000126913,-1.4177817432,0.0479368996214,1.85381578216,0.0736310778185,1.2160632696,-0.16835439147,100.0
0.789419,-0.836019529398,-0.971009838731,0.378126264214,1.26284968363,-0.203635949592,1.1907525866,1.66206818367,95.5128173828,-0.948767117307,-1.41739824801,0.0483203948184,1.85419927736,0.0728640874246,1.2160632696,-0.167970896273,100.0
0.799463,-0.836403024595,-0.970626343534,0.378126264214,1.26246618843,-0.203252454395,1.1907525866,1.66206818367,95.5128173828,-0.94838362211,-1.41739824801,0.0479368996214,1.85381578216,0.0736310778185,1.2156797744,-0.168737886667,100.0
0.809506,-0.836019529398,-0.970626343534,0.378509759411,1.26323317882,-0.203252454395,1.19113608179,1.66168468848,95.5128173828,-0.948000126913,-1.41701475281,0.0475534044244,1.85381578216,0.0728640874246,1.21721375519,-0.167970896273,100.0
0.819441,-0.836403024595,-0.970242848338,0.377742769017,1.26284968363,-0.203252454395,1.19113608179,1.66168468848,95.5128173828,-0.94838362211,-1.41701475281,0.0483203948184,1.85419927736,0.0728640874246,1.2152962792,-0.167970896273,100.0
0.829432,-0.836019529398,-0.969859353141,0.378126264214,1.26246618843,-0.203252454395,1.1907525866,1.66206818367,95.5128173828,-0.949150612504,-1.41701475281,0.0479368996214,1.85419927736,0.0720970970306,1.2160632696,-0.167970896273,100.0
0.839412,-0.835636034201,-0.970242848338,0.378126264214,1.26208269323,-0.202868959198,1.1907525866,1.66130119328,95.5128173828,-0.948767117307,-1.41624776242,0.0483203948184,1.85419927736,0.0728640874246,1.2160632696,-0.16835439147,100.0
0.849448,-0.836403024595,-0.970626343534,0.377742769017,1.26284968363,-0.203252454395,1.1903690914,1.66206818367,95.5128173828,-0.94838362211,-1.4177817432,0.0483203948184,1.85458277255,0.0728640874246,1.2152962792,-0.168737886667,100.0
0.859430,-0.836403024595,-0.970242848338,0.378509759411,1.26323317882,-0.202868959198,1.1907525866,1.66206818367,95.5128173828,-0.94838362211,-1.41739824801,0.0483203948184,1.85419927736,0.0728640874246,1.2156797744,-0.16720390588,100.0
0.869431,-0.836403024595,-0.970242848338,0.378126264214,1.26246618843,-0.203635949592,1.1903690914,1.66130119328,95.5128173828,-0.94838362211,-1.41701475281,0.0487038900154,1.85381578216,0.0724805922276,1.21721375519,-0.16835439147,100.0
0.879525,-0.836019529398,-0.970242848338,0.378126264214,1.26323317882,-0.202101968804,1.1907525866,1.66130119328,95.5128173828,-0.948000126913,-1.41701475281,0.0475534044244,1.85419927736,0.0728640874246,1.2156797744,-0.16835439147,100.0
0.889521,-0.836403024595,-0.970242848338,0.378509759411,1.26284968363,-0.203252454395,1.19113608179,1.66168468848,95.5128173828,-0.94838362211,-1.41701475281,0.0483203948184,1.85419927736,0.0720970970306,1.2152962792,-0.167970896273,100.0
0.899429,-0.835636034201,-0.971009838731,0.378126264214,1.26246618843,-0.203252454395,1.1907525866,1.66168468848,95.5128173828,-0.949150612504,-1.41739824801,0.0475534044244,1.85458277255,0.0728640874246,1.2152962792,-0.167970896273,100.0
0.909432,-0.836019529398,-0.970242848338,0.378126264214,1.26323317882,-0.203252454395,1.19113608179,1.66168468848,95.5128173828,-0.948000126913,-1.41701475281,0.0479368996214,1.85496626775,0.0732475826215,1.2156797744,-0.167587401076,100.0
0.919413,-0.835636034201,-0.970242848338,0.378509759411,1.26246618843,-0.202485464001,1.1903690914,1.66168468848,95.5128173828,-0.94838362211,-1.41701475281,0.0479368996214,1.85458277255,0.0732475826215,1.21644676479,-0.168737886667,100.0
0.929443,-0.836403024595,-0.970242848338,0.37735927382,1.26208269323,-0.203252454395,1.1907525866,1.66168468848,95.5128173828,-0.948000126913,-1.41701475281,0.0475534044244,1.85534976295,0.0724805922276,1.21644676479,-0.167587401076,100.0
0.939479,-0.836403024595,-0.970626343534,0.378509759411,1.26246618843,-0.203252454395,1.1903690914,1.66091769808,95.5128173828,-0.948767117307,-1.41701475281,0.0475534044244,1.85381578216,0.0720970970306,1.2156797744,-0.166820410683,100.0
0.949434,-0.836019529398,-0.970242848338,0.378509759411,1.26246618843,-0.202868959198,1.1907525866,1.66206818367,95.5128173828,-0.948767117307,-1.41739824801,0.0475534044244,1.85381578216,0.0724805922276,1.2156797744,-0.167587401076,100.0
0.959434,-0.835636034201,-0.970626343534,0.378126264214,1.26208269323,-0.203252454395,1.19113608179,1.66168468848,95.5128173828,-0.94838362211,-1.41701475281,0.0471699092275,1.85458277255,0.0728640874246,1.21683025999,-0.167587401076,100.0
0.971196,-0.836019529398,-0.970242848338,0.378126264214,1.26246618843,-0.202868959198,1.19151957699,1.66130119328,95.5128173828,-0.948767117307,-1.41701475281,0.0483203948184,1.85458277255,0.0728640874246,1.2156797744,-0.16835439147,100.0
0.979421,-0.836403024595,-0.969859353141,0.378509759411,1.26284968363,-0.203252454395,1.1903690914,1.66130119328,95.5128173828,-0.948000126913,-1.41663125761,0.0479368996214,1.85419927736,0.0732475826215,1.2160632696,-0.16835439147,100.0
0.989404,-0.835252539004,-0.970242848338,0.378126264214,1.26169919804,-0.203635949592,1.1903690914,1.66168468848,95.5128173828,-0.948000126913,-1.41739824801,0.0479368996214,1.85419927736,0.0736310778185,1.2152962792,-0.167970896273,100.0
0.999406,-0.835636034201,-0.970242848338,0.378126264214,1.26246618843,-0.202868959198,1.1903690914,1.66130119328,95.5128173828,-0.947616631716,-1.41739824801,0.0483203948184,1.85458277255,0.0728640874246,1.2152962792,-0.167587401076,100.0
1.009432,-0.836019529398,-0.970242848338,0.378509759411,1.26284968363,-0.203252454395,1.19113608179,1.66168468848,95.5128173828,-0.948000126913,-1.41739824801,0.0471699092275,1.85419927736,0.0728640874246,1.21759725038,-0.167587401076,100.0
1.019419,-0.835636034201,-0.970242848338,0.378893254608,1.26323317882,-0.203252454395,1.1903690914,1.66130119328,95.5128173828,-0.948000126913,-1.41701475281,0.0479368996214,1.85419927736,0.0724805922276,1.2156797744,-0.167970896273,100.0
1.029428,-0.836019529398,-0.970242848338,0.378509759411,1.26246618843,-0.203252454395,1.19151957699,1.66168468848,95.5128173828,-0.948767117307,-1.41739824801,0.0479368996214,1.85458277255,0.0728640874246,1.2160632696,-0.16835439147,100.0
1.039464,-0.836403024595,-0.971009838731,0.377742769017,1.26284968363,-0.202868959198,1.1903690914,1.66091769808,95.5128173828,-0.94838362211,-1.41739824801,0.0479368996214,1.85419927736,0.0732475826215,1.2160632696,-0.167970896273,100.0
1.049501,-0.836403024595,-0.971009838731,0.377742769017,1.26284968363,-0.202868959198,1.1903690914,1.66091769808,95.5128173828,-0.94838362211,-1.41739824801,0.0479368996214,1.85419927736,0.0732475826215,1.2160632696,-0.167970896273,100.0
1.059451,-0.836019529398,-0.969859353141,0.378126264214,1.26323317882,-0.203252454395,1.1907525866,1.66130119328,95.5128173828,-0.948000126913,-1.41663125761,0.0487038900154,1.85496626775,0.0728640874246,1.2160632696,-0.167587401076,100.0
1.069411,-0.835252539004,-0.970626343534,0.377742769017,1.26246618843,-0.202868959198,1.1903690914,1.66168468848,95.5128173828,-0.94838362211,-1.41739824801,0.0487038900154,1.85419927736,0.0728640874246,1.2152962792,-0.16835439147,100.0
1.079418,-0.835636034201,-0.970242848338,0.378126264214,1.26246618843,-0.203635949592,1.19113608179,1.66206818367,95.5128173828,-0.948767117307,-1.41739824801,0.0487038900154,1.85419927736,0.0732475826215,1.2156797744,-0.167970896273,100.0
1.089467,-0.836019529398,-0.970242848338,0.378509759411,1.26284968363,-0.203635949592,1.1907525866,1.66168468848,95.5128173828,-0.948000126913,-1.41701475281,0.0475534044244,1.85419927736,0.0728640874246,1.21644676479,-0.167970896273,100.0
1.099482,-0.835636034201,-0.970242848338,0.378126264214,1.26208269323,-0.203252454395,1.1907525866,1.66130119328,95.5128173828,-0.948000126913,-1.41663125761,0.0483203948184,1.85419927736,0.0724805922276,1.2156797744,-0.169121381864,100.0
1.109430,-0.836403024595,-0.969859353141,0.37735927382,1.26323317882,-0.202868959198,1.1907525866,1.66130119328,95.5128173828,-0.948000126913,-1.41739824801,0.0475534044244,1.85419927736,0.0724805922276,1.21721375519,-0.167587401076,100.0
1.119477,-0.835636034201,-0.970626343534,0.378509759411,1.26284968363,-0.203635949592,1.19190307219,1.66168468848,95.5128173828,-0.94838362211,-1.41701475281,0.0475534044244,1.85419927736,0.0732475826215,1.2156797744,-0.167587401076,100.0
1.129456,-0.835636034201,-0.970242848338,0.378126264214,1.26246618843,-0.202868959198,1.1903690914,1.66168468848,95.5128173828,-0.949150612504,-1.41701475281,0.0475534044244,1.85381578216,0.0728640874246,1.2160632696,-0.167970896273,100.0
1.139420,-0.836019529398,-0.970242848338,0.378126264214,1.26246618843,-0.202485464001,1.1907525866,1.66168468848,95.5128173828,-0.948767117307,-1.4177817432,0.0475534044244,1.85381578216,0.0724805922276,1.2156797744,-0.167970896273,100.0
1.149419,-0.836403024595,-0.971009838731,0.377742769017,1.26208269323,-0.203635949592,1.19113608179,1.66130119328,95.5128173828,-0.948000126913,-1.41701475281,0.0483203948184,1.85381578216,0.0732475826215,1.2156797744,-0.167587401076,100.0
1.159410,-0.835636034201,-0.970242848338,0.378126264214,1.26246618843,-0.204019444789,1.19113608179,1.66168468848,95.5128173828,-0.948000126913,-1.41701475281,0.0479368996214,1.85458277255,0.0732475826215,1.21644676479,-0.167587401076,100.0
1.169443,-0.836019529398,-0.970242848338,0.378126264214,1.26208269323,-0.203252454395,1.1899855962,1.66168468848,95.5128173828,-0.94838362211,-1.41701475281,0.0471699092275,1.85458277255,0.0732475826215,1.2160632696,-0.167587401076,100.0
1.180107,-0.835636034201,-0.971009838731,0.378126264214,1.26284968363,-0.203252454395,1.19113608179,1.66130119328,95.5128173828,-0.948767117307,-1.41701475281,0.0479368996214,1.85419927736,0.0732475826215,1.2160632696,-0.16835439147,100.0
1.189428,-0.836786519791,-0.970626343534,0.377742769017,1.26246618843,-0.202868959198,1.1907525866,1.66168468848,95.5128173828,-0.94838362211,-1.41701475281,0.0483203948184,1.85419927736,0.0724805922276,1.2160632696,-0.169121381864,100.0
1.199483,-0.836019529398,-0.970242848338,0.378126264214,1.26323317882,-0.203252454395,1.1907525866,1.66168468848,95.5128173828,-0.948767117307,-1.41739824801,0.0479368996214,1.85458277255,0.0732475826215,1.2160632696,-0.16720390588,100.0
1.209715,-0.836019529398,-0.970242848338,0.378126264214,1.26323317882,-0.203252454395,1.1907525866,1.66168468848,95.5128173828,-0.948767117307,-1.41739824801,0.0479368996214,1.85458277255,0.0732475826215,1.2160632696,-0.16720390588,100.0
1.219512,-0.835636034201,-0.970626343534,0.378509759411,1.26246618843,-0.203252454395,1.1903690914,1.66130119328,95.5128173828,-0.948767117307,-1.41739824801,0.0483203948184,1.85381578216,0.0736310778185,1.2156797744,-0.167970896273,100.0
1.229425,-0.836019529398,-0.970626343534,0.378126264214,1.26284968363,-0.203635949592,1.1907525866,1.66168468848,95.5128173828,-0.949150612504,-1.41739824801,0.0483203948184,1.85496626775,0.0732475826215,1.2152962792,-0.167970896273,100.0
1.239443,-0.836019529398,-0.970626343534,0.378126264214,1.26246618843,-0.203635949592,1.1899855962,1.66130119328,95.5128173828,-0.948000126913,-1.41701475281,0.0483203948184,1.85458277255,0.0728640874246,1.2160632696,-0.167970896273,100.0
1.249434,-0.836403024595,-0.970626343534,0.377742769017,1.26246618843,-0.202868959198,1.1903690914,1.66168468848,95.5128173828,-0.94838362211,-1.41739824801,0.0483203948184,1.85496626775,0.0724805922276,1.2160632696,-0.167587401076,100.0
1.259446,-0.836019529398,-0.970626343534,0.37735927382,1.26323317882,-0.203252454395,1.1907525866,1.66168468848,95.5128173828,-0.94838362211,-1.4177817432,0.0475534044244,1.85534976295,0.0728640874246,1.2156797744,-0.167970896273,100.0
1.269432,-0.836786519791,-0.969859353141,0.378509759411,1.26284968363,-0.202868959198,1.1899855962,1.66130119328,95.5128173828,-0.94838362211,-1.41739824801,0.0479368996214,1.85496626775,0.0724805922276,1.21759725038,-0.168737886667,100.0
1.279471,-0.836019529398,-0.969859353141,0.378509759411,1.26246618843,-0.203252454395,1.19113608179,1.66168468848,95.5128173828,-0.948000126913,-1.41701475281,0.0483203948184,1.85458277255,0.0728640874246,1.2160632696,-0.167587401076,100.0
1.289461,-0.836403024595,-0.970242848338,0.377742769017,1.26246618843,-0.203252454395,1.1903690914,1.66168468848,95.5128173828,-0.948767117307,-1.41701475281,0.0475534044244,1.85458277255,0.0728640874246,1.2156797744,-0.167587401076,100.0
1.299433,-0.835636034201,-0.970242848338,0.378893254608,1.26284968363,-0.202868959198,1.1907525866,1.66168468848,95.5128173828,-0.94838362211,-1.4181652384,0.0475534044244,1.85381578216,0.0720970970306,1.2152962792,-0.167970896273,100.0
1.309410,-0.836403024595,-0.970242848338,0.377742769017,1.26208269323,-0.202868959198,1.1907525866,1.66206818367,95.5128173828,-0.947616631716,-1.41701475281,0.0475534044244,1.85381578216,0.0728640874246,1.2160632696,-0.167587401076,100.0
1.319410,-0.836403024595,-0.970242848338,0.378126264214,1.26246618843,-0.202868959198,1.1903690914,1.66168468848,95.5128173828,-0.948767117307,-1.41739824801,0.0483203948184,1.85419927736,0.0728640874246,1.2152962792,-0.167587401076,100.0
1.329415,-0.836403024595,-0.970626343534,0.378509759411,1.26284968363,-0.203252454395,1.1903690914,1.66168468848,95.5128173828,-0.94838362211,-1.41701475281,0.0479368996214,1.85419927736,0.0728640874246,1.21683025999,-0.167970896273,100.0
1.339430,-0.836403024595,-0.970242848338,0.378126264214,1.26246618843,-0.202868959198,1.1903690914,1.66206818367,95.5128173828,-0.94838362211,-1.41701475281,0.0479368996214,1.85458277255,0.0728640874246,1.21721375519,-0.167970896273,100.0
1.349434,-0.836403024595,-0.970242848338,0.377742769017,1.26246618843,-0.202868959198,1.1903690914,1.66168468848,95.5128173828,-0.948000126913,-1.41701475281,0.0483203948184,1.85419927736,0.0728640874246,1.2160632696,-0.167970896273,100.0
1.359430,-0.836786519791,-0.970242848338,0.378509759411,1.26246618843,-0.202868959198,1.1907525866,1.66130119328,95.5128173828,-0.947616631716,-1.41663125761,0.0479368996214,1.85458277255,0.0728640874246,1.2156797744,-0.168737886667,100.0
1.369435,-0.836403024595,-0.970242848338,0.378509759411,1.26246618843,-0.203252454395,1.1903690914,1.66130119328,95.5128173828,-0.948767117307,-1.41739824801,0.0483203948184,1.85419927736,0.0728640874246,1.2152962792,-0.167587401076,100.0
1.379394,-0.837170014988,-0.970242848338,0.378126264214,1.26246618843,-0.202101968804,1.19113608179,1.66168468848,95.5128173828,-0.948000126913,-1.41739824801,0.0475534044244,1.85419927736,0.0720970970306,1.2160632696,-0.167970896273,100.0
1.389463,-0.836403024595,-0.970626343534,0.378126264214,1.26208269323,-0.203252454395,1.1907525866,1.66206818367,95.5128173828,-0.94838362211,-1.41739824801,0.0479368996214,1.85419927736,0.0724805922276,1.21644676479,-0.167970896273,100.0
1.399408,-0.836403024595,-0.970242848338,0.378509759411,1.26208269323,-0.203252454395,1.1907525866,1.66168468848,95.5128173828,-0.94838362211,-1.41739824801,0.0483203948184,1.85381578216,0.0724805922276,1.2160632696,-0.16720390588,100.0
1.409469,-0.836786519791,-0.969859353141,0.378509759411,1.26284968363,-0.202868959198,1.1907525866,1.66168468848,95.5128173828,-0.948000126913,-1.41701475281,0.0483203948184,1.85458277255,0.0736310778185,1.2160632696,-0.167970896273,100.0
1.420061,-0.836786519791,-0.970626343534,0.378126264214,1.26246618843,-0.202868959198,1.1907525866,1.66168468848,95.5128173828,-0.948767117307,-1.41701475281,0.0475534044244,1.85496626775,0.0724805922276,1.2160632696,-0.168737886667,100.0
1.429494,-0.836786519791,-0.969859353141,0.378509759411,1.26323317882,-0.203635949592,1.1907525866,1.66168468848,95.5128173828,-0.94838362211,-1.41701475281,0.0483203948184,1.85458277255,0.0728640874246,1.2156797744,-0.168737886667,100.0
1.439423,-0.836786519791,-0.970626343534,0.378509759411,1.26323317882,-0.202868959198,1.1907525866,1.66206818367,95.5128173828,-0.948000126913,-1.41701475281,0.0479368996214,1.85458277255,0.0732475826215,1.2160632696,-0.167587401076,100.0
1.449475,-0.836786519791,-0.970626343534,0.378126264214,1.26361667402,-0.202485464001,1.19113608179,1.66168468848,95.5128173828,-0.948767117307,-1.41739824801,0.0475534044244,1.85419927736,0.0732475826215,1.21644676479,-0.167587401076,100.0
1.459460,-0.836403024595,-0.970242848338,0.378509759411,1.26246618843,-0.204019444789,1.1903690914,1.66168468848,95.5128173828,-0.948767117307,-1.41701475281,0.0479368996214,1.85419927736,0.0736310778185,1.2160632696,-0.167587401076,100.0
1.469428,-0.836403024595,-0.970242848338,0.378126264214,1.26246618843,-0.203635949592,1.1907525866,1.66168468848,95.5128173828,-0.94838362211,-1.41701475281,0.0479368996214,1.85419927736,0.0732475826215,1.2160632696,-0.167970896273,100.0
1.479411,-0.836403024595,-0.970242848338,0.377742769017,1.26246618843,-0.203635949592,1.1903690914,1.66168468848,95.5128173828,-0.94838362211,-1.41701475281,0.0475534044244,1.85496626775,0.0728640874246,1.21683025999,-0.167587401076,100.0
1.489410,-0.836786519791,-0.969859353141,0.377742769017,1.26246618843,-0.202868959198,1.1907525866,1.66206818367,95.5128173828,-0.948000126913,-1.41701475281,0.0483203948184,1.85458277255,0.0724805922276,1.2156797744,-0.16835439147,100.0
1.499475,-0.836019529398,-0.970626343534,0.378509759411,1.26246618843,-0.203252454395,1.1907525866,1.66206818367,95.5128173828,-0.94838362211,-1.41701475281,0.0479368996214,1.85419927736,0.0728640874246,1.2160632696,-0.167587401076,100.0
1.509465,-0.836019529398,-0.971009838731,0.378126264214,1.26246618843,-0.203252454395,1.1907525866,1.66168468848,95.5128173828,-0.947616631716,-1.41739824801,0.0483203948184,1.85419927736,0.0728640874246,1.2152962792,-0.167587401076,100.0
1.519464,-0.836403024595,-0.970242848338,0.378509759411,1.26361667402,-0.203252454395,1.1907525866,1.66130119328,95.5128173828,-0.948767117307,-1.41739824801,0.0483203948184,1.85419927736,0.0724805922276,1.2160632696,-0.167587401076,100.0
1.529491,-0.836403024595,-0.970626343534,0.378126264214,1.26246618843,-0.203252454395,1.1907525866,1.66130119328,95.5128173828,-0.94838362211,-1.41701475281,0.0479368996214,1.85419927736,0.0728640874246,1.21491278401,-0.167970896273,100.0
1.539494,-0.836019529398,-0.970626343534,0.378509759411,1.26323317882,-0.203252454395,1.1903690914,1.66206818367,95.5128173828,-0.948767117307,-1.41739824801,0.0483203948184,1.85419927736,0.0728640874246,1.2152962792,-0.167587401076,100.0
1.549410,-0.836019529398,-0.970626343534,0.378509759411,1.26284968363,-0.202868959198,1.1907525866,1.66130119328,95.5128173828,-0.948000126913,-1.41701475281,0.0475534044244,1.85419927736,0.0724805922276,1.2156797744,-0.16835439147,100.0
1.559426,-0.836403024595,-0.970242848338,0.377742769017,1.26246618843,-0.203252454395,1.1899855962,1.66206818367,95.5128173828,-0.94838362211,-1.4177817432,0.0475534044244,1.85496626775,0.0732475826215,1.2152962792,-0.167970896273,100.0
1.569410,-0.837170014988,-0.971009838731,0.378126264214,1.26246618843,-0.203252454395,1.1907525866,1.66168468848,95.5128173828,-0.948767117307,-1.41701475281,0.0471699092275,1.85419927736,0.0728640874246,1.2160632696,-0.16720390588,100.0
1.579477,-0.836019529398,-0.970626343534,0.378126264214,1.26284968363,-0.202868959198,1.1907525866,1.66206818367,95.5128173828,-0.948000126913,-1.41663125761,0.0479368996214,1.85419927736,0.0732475826215,1.2156797744,-0.167587401076,100.0
1.589498,-0.836786519791,-0.970242848338,0.378126264214,1.26284968363,-0.203252454395,1.1907525866,1.66206818367,95.5128173828,-0.948000126913,-1.41663125761,0.0479368996214,1.85419927736,0.0728640874246,1.2156797744,-0.167970896273,100.0
1.599426,-0.836019529398,-0.970626343534,0.378126264214,1.26284968363,-0.203252454395,1.1903690914,1.66168468848,95.5128173828,-0.948767117307,-1.41739824801,0.0483203948184,1.85381578216,0.0728640874246,1.21683025999,-0.167970896273,100.0
1.609447,-0.836019529398,-0.970242848338,0.378509759411,1.26246618843,-0.203635949592,1.1907525866,1.66168468848,95.5128173828,-0.94838362211,-1.41739824801,0.0483203948184,1.85419927736,0.0728640874246,1.2152962792,-0.167587401076,100.0
1.619498,-0.836403024595,-0.970242848338,0.378126264214,1.26284968363,-0.202868959198,1.1907525866,1.66168468848,95.5128173828,-0.948767117307,-1.4177817432,0.0479368996214,1.85496626775,0.0724805922276,1.2160632696,-0.167970896273,100.0
1.629481,-0.836403024595,-0.970242848338,0.378126264214,1.26246618843,-0.202485464001,1.1903690914,1.66168468848,95.5128173828,-0.947616631716,-1.41739824801,0.0475534044244,1.85458277255,0.0724805922276,1.2156797744,-0.167970896273,100.0
1.639421,-0.836019529398,-0.970242848338,0.378126264214,1.26284968363,-0.203635949592,1.1907525866,1.66130119328,95.5128173828,-0.948767117307,-1.41739824801,0.0483203948184,1.85458277255,0.0720970970306,1.2152962792,-0.16835439147,100.0
1.649409,-0.836019529398,-0.970242848338,0.378126264214,1.26246618843,-0.203635949592,1.19151957699,1.66168468848,95.5128173828,-0.948000126913,-1.41739824801,0.0479368996214,1.85458277255,0.0728640874246,1.2160632696,-0.167970896273,100.0
1.659412,-0.836403024595,-0.970626343534,0.378126264214,1.26246618843,-0.203635949592,1.19113608179,1.66168468848,95.5128173828,-0.94838362211,-1.41663125761,0.0479368996214,1.85419927736,0.0728640874246,1.2156797744,-0.167587401076,100.0
1.669514,-0.836019529398,-0.970242848338,0.377742769017,1.26246618843,-0.202868959198,1.1903690914,1.66130119328,95.5128173828,-0.94838362211,-1.41701475281,0.0475534044244,1.85496626775,0.0724805922276,1.2160632696,-0.167587401076,100.0
1.679444,-0.836019529398,-0.970626343534,0.378509759411,1.26169919804,-0.203252454395,1.1903690914,1.66206818367,95.5128173828,-0.94838362211,-1.41701475281,0.0475534044244,1.85458277255,0.0724805922276,1.2152962792,-0.169504877061,100.0
1.689429,-0.836403024595,-0.971009838731,0.378126264214,1.26246618843,-0.203252454395,1.1907525866,1.66168468848,95.5128173828,-0.948000126913,-1.41663125761,0.0475534044244,1.85419927736,0.0732475826215,1.21491278401,-0.167970896273,100.0
1.699446,-0.835636034201,-0.970626343534,0.378126264214,1.26323317882,-0.203252454395,1.18960210101,1.66130119328,95.5128173828,-0.94838362211,-1.41739824801,0.0483203948184,1.85496626775,0.0732475826215,1.2156797744,-0.167587401076,100.0
1.709427,-0.835636034201,-0.971009838731,0.378126264214,1.26323317882,-0.203252454395,1.1903690914,1.66168468848,95.5128173828,-0.949150612504,-1.41739824801,0.0483203948184,1.85381578216,0.0732475826215,1.2160632696,-0.167970896273,100.0
1.719416,-0.836019529398,-0.970242848338,0.378126264214,1.26284968363,-0.203252454395,1.1899855962,1.66091769808,95.5128173828,-0.94838362211,-1.4177817432,0.0471699092275,1.85419927736,0.0728640874246,1.2156797744,-0.16835439147,100.0
1.729409,-0.836403024595,-0.970242848338,0.377742769017,1.26208269323,-0.203252454395,1.1903690914,1.66206818367,95.5128173828,-0.94838362211,-1.41701475281,0.0483203948184,1.85381578216,0.0728640874246,1.2160632696,-0.16720390588,100.0
1.739417,-0.836019529398,-0.970626343534,0.378126264214,1.26246618843,-0.203252454395,1.1903690914,1.66168468848,95.5128173828,-0.94838362211,-1.41739824801,0.0483203948184,1.85419927736,0.0717136018336,1.2160632696,-0.16720390588,100.0
1.749446,-0.836403024595,-0.971393333928,0.377742769017,1.26323317882,-0.203252454395,1.1907525866,1.66168468848,95.5128173828,-0.948000126913,-1.41739824801,0.0483203948184,1.85458277255,0.0732475826215,1.21683025999,-0.167587401076,100.0
1.759441,-0.836403024595,-0.970626343534,0.377742769017,1.26131570284,-0.203252454395,1.1903690914,1.66168468848,95.5128173828,-0.949150612504,-1.41739824801,0.0483203948184,1.85419927736,0.0728640874246,1.2152962792,-0.167970896273,100.0
1.769418,-0.836786519791,-0.971009838731,0.378126264214,1.26246618843,-0.202868959198,1.1907525866,1.66168468848,95.5128173828,-0.947616631716,-1.41701475281,0.0479368996214,1.85458277255,0.0732475826215,1.2152962792,-0.167970896273,100.0
1.779554,-0.836019529398,-0.971393333928,0.377742769017,1.26208269323,-0.203635949592,1.1903690914,1.66130119328,95.5128173828,-0.94838362211,-1.41739824801,0.0479368996214,1.85419927736,0.0724805922276,1.2156797744,-0.168737886667,100.0
1.789666,-0.836019529398,-0.971009838731,0.378509759411,1.26246618843,-0.202868959198,1.1903690914,1.66168468848,95.5128173828,-0.948767117307,-1.41701475281,0.0479368996214,1.85458277255,0.0728640874246,1.2156797744,-0.167970896273,100.0
1.799418,-0.836019529398,-0.971009838731,0.378126264214,1.26208269323,-0.204019444789,1.1899855962,1.66130119328,95.5128173828,-0.948000126913,-1.41701475281,0.0483203948184,1.85419927736,0.0736310778185,1.21721375519,-0.167970896273,100.0
1.809412,-0.836019529398,-0.970626343534,0.378126264214,1.26208269323,-0.203252454395,1.1903690914,1.66206818367,95.5128173828,-0.948000126913,-1.41701475281,0.0475534044244,1.85381578216,0.0732475826215,1.21721375519,-0.167970896273,100.0
1.819410,-0.836403024595,-0.970626343534,0.378126264214,1.26169919804,-0.203252454395,1.1903690914,1.66168468848,95.5128173828,-0.948767117307,-1.4177817432,0.0475534044244,1.85458277255,0.0732475826215,1.2152962792,-0.167587401076,100.0
1.829467,-0.836019529398,-0.970626343534,0.378126264214,1.26208269323,-0.202868959198,1.1903690914,1.66168468848,95.5128173828,-0.948767117307,-1.41624776242,0.0483203948184,1.85419927736,0.0728640874246,1.2160632696,-0.167970896273,100.0
1.839436,-0.836403024595,-0.971776829125,0.378126264214,1.26246618843,-0.203252454395,1.1903690914,1.66206818367,95.5128173828,-0.948767117307,-1.41701475281,0.0471699092275,1.85419927736,0.0732475826215,1.21683025999,-0.16835439147,100.0
1.849445,-0.836403024595,-0.971009838731,0.378126264214,1.26246618843,-0.204019444789,1.1899855962,1.66130119328,95.5128173828,-0.948000126913,-1.41739824801,0.0479368996214,1.85458277255,0.0728640874246,1.2160632696,-0.169121381864,100.0
1.859434,-0.836403024595,-0.971009838731,0.377742769017,1.26284968363,-0.202868959198,1.1899855962,1.66206818367,95.5128173828,-0.94838362211,-1.41701475281,0.0483203948184,1.85419927736,0.0720970970306,1.2160632696,-0.167587401076,100.0
1.869450,-0.836786519791,-0.970626343534,0.377742769017,1.26246618843,-0.202868959198,1.1907525866,1.66206818367,95.5128173828,-0.94838362211,-1.41739824801,0.0483203948184,1.85458277255,0.0724805922276,1.2160632696,-0.167587401076,100.0
1.879414,-0.836786519791,-0.971776829125,0.378126264214,1.26169919804,-0.203635949592,1.1907525866,1.66130119328,95.5128173828,-0.94838362211,-1.41663125761,0.0483203948184,1.85419927736,0.0724805922276,1.2152962792,-0.16835439147,100.0
1.889411,-0.836403024595,-0.971776829125,0.377742769017,1.26246618843,-0.202868959198,1.1899855962,1.66168468848,95.5128173828,-0.948767117307,-1.4185487336,0.0483203948184,1.85381578216,0.0724805922276,1.2160632696,-0.16835439147,100.0
1.899417,-0.836786519791,-0.971009838731,0.377742769017,1.26246618843,-0.203635949592,1.1903690914,1.66130119328,95.5128173828,-0.948767117307,-1.41739824801,0.0483203948184,1.85419927736,0.0728640874246,1.2156797744,-0.167970896273,100.0
1.909415,-0.836019529398,-0.970626343534,0.378126264214,1.26208269323,-0.202868959198,1.1907525866,1.66206818367,95.5128173828,-0.948767117307,-1.41663125761,0.0483203948184,1.85343228696,0.0724805922276,1.2152962792,-0.167970896273,100.0
1.919415,-0.837170014988,-0.971009838731,0.377742769017,1.26208269323,-0.203252454395,1.1899855962,1.66168468848,95.5128173828,-0.94838362211,-1.41701475281,0.0483203948184,1.85419927736,0.0724805922276,1.2152962792,-0.16835439147,100.0
1.929450,-0.836786519791,-0.970626343534,0.378126264214,1.26246618843,-0.203635949592,1.1899855962,1.66206818367,95.5128173828,-0.94838362211,-1.41663125761,0.0479368996214,1.85458277255,0.0728640874246,1.2156797744,-0.167970896273,100.0
1.939456,-0.836786519791,-0.971393333928,0.377742769017,1.26208269323,-0.202868959198,1.1903690914,1.66168468848,95.5128173828,-0.948767117307,-1.41739824801,0.0479368996214,1.85458277255,0.0728640874246,1.2156797744,-0.169121381864,100.0
1.949517,-0.836786519791,-0.971009838731,0.378893254608,1.26246618843,-0.203635949592,1.1899855962,1.66130119328,95.5128173828,-0.948000126913,-1.41739824801,0.0479368996214,1.85458277255,0.0728640874246,1.2152962792,-0.168737886667,100.0
1.959433,-0.836786519791,-0.971009838731,0.378509759411,1.26208269323,-0.203252454395,1.1907525866,1.66168468848,95.5128173828,-0.948000126913,-1.41739824801,0.0475534044244,1.85458277255,0.0724805922276,1.2152962792,-0.167970896273,100.0
1.969401,-0.837553510185,-0.970626343534,0.378126264214,1.26208269323,-0.203252454395,1.1903690914,1.66168468848,95.5128173828,-0.948000126913,-1.41739824801,0.0483203948184,1.85419927736,0.0724805922276,1.2160632696,-0.16720390588,100.0
1.979403,-0.837553510185,-0.971009838731,0.377742769017,1.26208269323,-0.202868959198,1.1899855962,1.66168468848,95.5128173828,-0.948000126913,-1.41739824801,0.0479368996214,1.85419927736,0.0728640874246,1.21644676479,-0.167587401076,100.0
1.989461,-0.837553510185,-0.971009838731,0.378509759411,1.26169919804,-0.204019444789,1.1899855962,1.66206818367,95.5128173828,-0.948000126913,-1.41701475281,0.0475534044244,1.85458277255,0.0732475826215,1.2160632696,-0.167970896273,100.0
