418911000000  0.00782461988793 0.0208330083466 7.48491544781e-08 0.0239368705541 0.505383879681 0.0115796944206 1.04700375472 -1.13669031076 -0.0317879123839 -0.12850308365 0.0208306946999 -1.42793553266e-06 0.0238955502319 0.505386950391 0.00898533043766 1.04700122691 -1.13736070279 -0.0317907372737 -0.117025304072
418931000000  0.00782482458923 0.0208330083671 7.49799245376e-08 0.0239373937835 0.505384042744 0.0115801204632 1.04700375901 -1.13671250015 -0.0317880686406 -0.128504694695 0.0208306821864 -1.43245691875e-06 0.0238960225923 0.505387094716 0.00898569622223 1.04700127247 -1.13738294694 -0.0317908747155 -0.117026364523
418951000000  0.00782520025292 0.0208330083475 7.48804644842e-08 0.0239378412643 0.505384251395 0.0115806657371 1.04700375883 -1.13673453499 -0.0317882076424 -0.128506296112 0.0208306630203 -1.45918286414e-06 0.0238964685252 0.505387354632 0.00898610244109 1.04700122979 -1.13740516505 -0.0317910205467 -0.117027409766
418971000000  0.00782555307434 0.0208330083617 7.4942272045e-08 0.0239382956764 0.505384434479 0.0115811735704 1.04700375819 -1.13675658975 -0.0317883430421 -0.128507903708 0.0208307264172 -1.39890016041e-06 0.0238969254454 0.505387565308 0.00898648191174 1.04700122465 -1.13742738596 -0.0317911595937 -0.117028471892
418991000000  0.00782607591616 0.0208330083224 7.47245044672e-08 0.0239386856863 0.505384658147 0.011581835477 1.04700375358 -1.13677850846 -0.03178845062 -0.128509480282 0.0208307423694 -1.37498247416e-06 0.0238973662878 0.505387697363 0.0089869526505 1.04700123975 -1.13744955582 -0.0317912825977 -0.117029520656
419011000000  0.00782651990412 0.0208330083483 7.48745740344e-08 0.0239391604446 0.50538486595 0.0115825358823 1.0470037563 -1.13680049786 -0.0317885792907 -0.128511074751 0.0208307906015 -1.33006916272e-06 0.0238978458392 0.505387861718 0.00898752510053 1.04700124463 -1.13747170855 -0.0317913967401 -0.117030569406
419031000000  0.00782669875833 0.0208330083685 7.49911944599e-08 0.0239396914387 0.505385001401 0.0115829166543 1.04700375923 -1.13682270283 -0.0317887345374 -0.128512693569 0.0208309004769 -1.22163255054e-06 0.0238983220284 0.505388129144 0.00898785151376 1.04700123421 -1.13749396627 -0.031791559234 -0.11703163254
419051000000  0.00782709026986 0.0208330083607 7.49509028764e-08 0.0239401327427 0.50538522156 0.0115834768428 1.04700375937 -1.13684471633 -0.0317888753416 -0.128514292806 0.0208308278542 -1.28366582445e-06 0.0238987709307 0.505388316077 0.0089882680553 1.04700122516 -1.13751616791 -0.0317916821039 -0.11703268395
419071000000  0.0078274643787 0.0208330083608 7.49270729637e-08 0.0239406251014 0.505385365064 0.0115840553638 1.04700375641 -1.13686677342 -0.0317889983748 -0.128515898325 0.0208307868771 -1.32429603264e-06 0.0238992731924 0.505388546763 0.00898874073166 1.04700122474 -1.13753838024 -0.0317918179841 -0.117033740159
419091000000  0.00782784234736 0.0208330082938 7.45637491527e-08 0.023941074396 0.505385570946 0.0115846135005 1.04700375068 -1.13688880613 -0.0317891316471 -0.128517487214 0.0208307379014 -1.37495791826e-06 0.02389973189 0.505388721567 0.00898916746485 1.04700122297 -1.13756058812 -0.0317919421381 -0.117034784306
419111000000  0.00782820560639 0.0208330083414 7.484355201e-08 0.0239415285759 0.50538577939 0.0115851812824 1.04700375776 -1.13691082104 -0.0317892688345 -0.128519091546 0.0208307343015 -1.37947343282e-06 0.0239001845891 0.505388904496 0.00898959782283 1.04700122408 -1.137582773 -0.0317920626237 -0.117035841464
419131000000  0.00782853558982 0.0208330082941 7.45735656858e-08 0.0239419909294 0.505385952991 0.0115857041611 1.04700375146 -1.13693287549 -0.0317893960511 -0.128520688858 0.0208307297246 -1.38414751911e-06 0.0239006557586 0.505389110948 0.00899000061377 1.04700122043 -1.13760498855 -0.0317922003265 -0.117036896345
419151000000  0.00782892204766 0.0208330083576 7.49327052395e-08 0.0239424367725 0.505386173273 0.0115862716693 1.04700375851 -1.136954878 -0.0317895377349 -0.128522289734 0.0208307401837 -1.36929629695e-06 0.0239011004962 0.505389264329 0.00899042664586 1.04700123485 -1.13762716056 -0.0317923177021 -0.117037953988
419171000000  0.00782945925892 0.020833008362 7.49615427739e-08 0.023942823126 0.505386399324 0.0115869440665 1.0470037585 -1.13697676758 -0.031789646373 -0.128523869708 0.0208307274829 -1.38791148706e-06 0.0239015367236 0.505389435943 0.00899090343761 1.04700122775 -1.13764930909 -0.0317924464796 -0.117039000785
419191000000  0.0078296549566 0.0208330082933 7.45617989368e-08 0.0239433796238 0.505386529014 0.011587428018 1.0470037506 -1.13699894333 -0.0317897930459 -0.128525482251 0.0208308130401 -1.30622035652e-06 0.0239020537601 0.505389669326 0.00899134304396 1.04700122548 -1.13767154423 -0.0317925927485 -0.117040056138
419211000000  0.00783003413526 0.0208330083687 7.49957855568e-08 0.0239438323247 0.505386727093 0.0115879731976 1.04700375954 -1.13702096049 -0.0317899297243 -0.128527083036 0.0208307202169 -1.39539654942e-06 0.0239025047741 0.505389875795 0.00899175428023 1.0470012245 -1.13769372971 -0.0317927219535 -0.117041108037
419231000000  0.0078304199466 0.0208330083608 7.49537800421e-08 0.0239442750783 0.505386945592 0.0115885302601 1.04700375941 -1.13704296079 -0.0317900704475 -0.128528681655 0.0208307201452 -1.39762702028e-06 0.0239029525323 0.50539004354 0.00899216882491 1.04700122504 -1.13771591067 -0.0317928473891 -0.117042161485
419251000000  0.00783079278193 0.020833008361 7.49301495567e-08 0.023944767525 0.5053870891 0.0115891079929 1.04700375644 -1.13706500298 -0.0317901937908 -0.128530285738 0.0208307185476 -1.40376174001e-06 0.0239034526364 0.50539027135 0.0089926408374 1.04700122471 -1.13773810436 -0.0317929878519 -0.117043217084
419271000000  0.00783117025676 0.020833008294 7.45671642786e-08 0.0239452168709 0.505387294983 0.0115896654992 1.04700375071 -1.13708702082 -0.0317903273687 -0.128531873097 0.0208306945784 -1.43045930988e-06 0.0239039097982 0.505390443948 0.00899306713605 1.04700122294 -1.13776029482 -0.0317931157281 -0.117044260185
419291000000  0.00783153320001 0.0208330083415 7.48467391151e-08 0.0239456710324 0.505387503416 0.0115902325813 1.04700375778 -1.13710902086 -0.0317904648481 -0.128533475884 0.0208307068879 -1.41825530689e-06 0.023904361352 0.505390625093 0.0089934969663 1.04700122405 -1.13778246313 -0.0317932393119 -0.11704531613
419311000000  0.00783210044349 0.0208330083652 7.49818768107e-08 0.0239460455139 0.505387750636 0.0115909225256 1.04700375888 -1.13713087888 -0.0317905774421 -0.128535049921 0.0208305858911 -1.52399559092e-06 0.0239047916834 0.505390686599 0.00899398511458 1.04700127142 -1.13780458319 -0.0317933505183 -0.117046364131
419331000000  0.0078322988776 0.0208330083377 7.48047300294e-08 0.02394660298 0.505387872664 0.0115913784764 1.04700375529 -1.13715304251 -0.0317907294717 -0.128536674491 0.020830739361 -1.38461117776e-06 0.0239052972803 0.505390990305 0.00899439261658 1.04700124185 -1.13782680891 -0.0317935229757 -0.117047421184
419351000000  0.00783265969974 0.0208330082938 7.45678710047e-08 0.0239470568578 0.505388062061 0.0115919156665 1.04700375079 -1.13717507186 -0.0317908588431 -0.128538260159 0.0208307479025 -1.37069939033e-06 0.0239057556233 0.50539121158 0.00899480639585 1.04700122209 -1.13784900021 -0.0317936600901 -0.117048463513
419371000000  0.00783304218486 0.0208330083689 7.4998922087e-08 0.0239475090702 0.505388259397 0.0115924614508 1.04700375959 -1.13719707491 -0.0317909951494 -0.128539859765 0.0208306794974 -1.4396832079e-06 0.0239062065489 0.505391410905 0.00899521877391 1.04700122445 -1.13787116917 -0.0317937868378 -0.11704951716
419391000000  0.00783339415044 0.0208330083671 7.49913767892e-08 0.0239479697811 0.505388448439 0.0115930103133 1.04700375934 -1.13721908914 -0.0317911272989 -0.128541457549 0.0208306310311 -1.47923585906e-06 0.0239066717117 0.505391535987 0.00899564214557 1.04700126299 -1.1378933452 -0.0317939134485 -0.117050571146
419411000000  0.00783375304813 0.020833008364 7.49545869043e-08 0.0239484187187 0.50538864256 0.0115935297893 1.04700375684 -1.13724109846 -0.0317912645789 -0.128543058036 0.0208305362104 -1.57232894693e-06 0.0239071248549 0.505391717504 0.00899602850126 1.04700126773 -1.13791553234 -0.0317940582948 -0.117051621843
419431000000  0.00783414014507 0.0208330083577 7.49211019245e-08 0.0239489063312 0.505388807047 0.0115941456905 1.0470037575 -1.13726310351 -0.0317913922365 -0.128544656718 0.0208305809274 -1.53999020658e-06 0.0239076168992 0.505391987914 0.00899652266364 1.04700123828 -1.13793770647 -0.0317942035974 -0.117052666237
419451000000  0.00783453827241 0.0208330082948 7.45782146011e-08 0.0239493502084 0.505389020165 0.0115947109562 1.04700375122 -1.13728510018 -0.0317915250321 -0.12854624051 0.0208306290567 -1.49997010147e-06 0.0239080660241 0.505392185059 0.0089969601465 1.04700122033 -1.13795986595 -0.0317943261706 -0.117053710651
419471000000  0.00783492544302 0.0208330083475 7.48846037179e-08 0.023949798788 0.50538923048 0.0115952687524 1.04700375847 -1.13730708334 -0.0317916650787 -0.128547841036 0.0208306935728 -1.42922162767e-06 0.0239085124964 0.505392335884 0.00899737979545 1.04700123778 -1.13798201451 -0.0317944449574 -0.117054769024
419491000000  0.00783527832773 0.0208330083078 7.46654958805e-08 0.0239502552655 0.505389413871 0.0115958063948 1.04700375378 -1.13732910107 -0.0317917932034 -0.128549428517 0.0208307026147 -1.42634317996e-06 0.0239089759408 0.505392553652 0.00899779300763 1.04700122217 -1.13800419411 -0.0317945824541 -0.117055816398
419511000000  0.00783584178143 0.0208330083471 7.48593567011e-08 0.0239506661889 0.505389628105 0.011596553207 1.04700375479 -1.1373509399 -0.0317919006986 -0.1285510178 0.0208306950372 -1.42745524615e-06 0.0239094412485 0.505392716652 0.00899835046949 1.04700122679 -1.13802629385 -0.0317947005922 -0.11705686793
419531000000  0.00783604648048 0.0208330083676 7.49901620515e-08 0.0239511881707 0.505389790957 0.0115969792267 1.04700375908 -1.13737307968 -0.0317920567654 -0.128552623608 0.0208306825172 -1.43198124429e-06 0.0239099123695 0.505392860773 0.00899871624369 1.04700127235 -1.13804848839 -0.0317948378336 -0.117057923644
419551000000  0.00783642214317 0.020833008348 7.48907186878e-08 0.0239516344185 0.505389999395 0.0115975244774 1.0470037589 -1.13739506492 -0.0317921955431 -0.128554219796 0.020830663361 -1.45869712668e-06 0.0239103570665 0.505393120475 0.00899912245344 1.04700122967 -1.13807065688 -0.0317949834339 -0.117058964152
419571000000  0.00783677496348 0.0208330083622 7.49525160004e-08 0.0239520875922 0.505390182268 0.0115980322871 1.04700375826 -1.13741707008 -0.031792330736 -0.12855582216 0.0208307267603 -1.39841222713e-06 0.0239108127489 0.505393330942 0.00899950191558 1.04700122453 -1.13809282817 -0.0317951222737 -0.11706002154
419591000000  0.00783729780522 0.0208330083228 7.47346952111e-08 0.0239524763762 0.505390405726 0.0115986941698 1.04700375365 -1.1374389392 -0.0317924380806 -0.128557393509 0.0208307426949 -1.37451182379e-06 0.0239112523561 0.505393462791 0.00899997264564 1.04700123963 -1.13811494843 -0.0317952450661 -0.117061065567
419611000000  0.0078377417922 0.0208330083488 7.48847739897e-08 0.0239529499046 0.505390613315 0.0115993945519 1.04700375637 -1.13746087902 -0.0317925665179 -0.128558982752 0.0208307909349 -1.32959209196e-06 0.0239117306747 0.505393626939 0.00900054508566 1.04700124451 -1.13813705155 -0.0317953590014 -0.117062109584
419631000000  0.00783792064412 0.0208330083689 7.50014265209e-08 0.0239534796471 0.505390748557 0.0115997753013 1.0470037593 -1.1374830344 -0.0317927215913 -0.128560596334 0.0208309008187 -1.22114845547e-06 0.0239122056325 0.50539389415 0.00900087148879 1.04700123409 -1.13815925968 -0.0317955212704 -0.117063167987
419651000000  0.00783831215462 0.0208330083612 7.49611437314e-08 0.0239539197209 0.505390968501 0.0116003354664 1.04700375944 -1.13750499832 -0.0317928621635 -0.128562190345 0.0208308282142 -1.28316093537e-06 0.0239126532895 0.505394080878 0.00900128802254 1.04700122505 -1.13818141172 -0.0317956439428 -0.117064214659
419671000000  0.00783868626222 0.0208330083613 7.49372866364e-08 0.0239544108375 0.505391111798 0.011600913964 1.04700375648 -1.13752700584 -0.0317929850084 -0.128563790634 0.0208307872126 -1.32381545723e-06 0.0239131543131 0.505394311356 0.00900176069066 1.04700122462 -1.13820357446 -0.0317957796075 -0.117065266132
419691000000  0.00783906422977 0.0208330082943 7.45739327284e-08 0.0239548588999 0.505391317468 0.0116014720772 1.04700375075 -1.13754898898 -0.0317931180612 -0.128565374297 0.0208307382421 -1.37447242861e-06 0.0239136117669 0.505394485955 0.00900218741543 1.04700122285 -1.13822573275 -0.0317959035595 -0.117066305542
419711000000  0.0078394274877 0.0208330083419 7.48537853537e-08 0.0239553118467 0.505391525697 0.0116020398359 1.04700375783 -1.13757095432 -0.0317932550235 -0.128566973404 0.0208307346387 -1.37899078915e-06 0.023914063228 0.505394668679 0.00900261776455 1.04700122396 -1.13824786805 -0.0317960238485 -0.117067357967
419731000000  0.00783975746989 0.0208330082946 7.45837471461e-08 0.023955772962 0.50539169909 0.0116025626909 1.04700375153 -1.13759295921 -0.0317933820414 -0.128568565488 0.0208307300635 -1.38366360437e-06 0.0239145331588 0.505394874922 0.00900302054655 1.04700122031 -1.13827003402 -0.0317961613365 -0.117068408114
419751000000  0.00784014392678 0.0208330083581 7.49429340131e-08 0.0239562175744 0.505391919157 0.0116031301758 1.04700375858 -1.13761491216 -0.0317935234914 -0.128570161142 0.0208307405089 -1.36882608831e-06 0.0239149766588 0.505395028101 0.00900344656962 1.04700123473 -1.13829215646 -0.0317962785216 -0.117069461025
419771000000  0.00784068113787 0.0208330083625 7.49717429418e-08 0.0239566027036 0.505392144997 0.0116038025489 1.04700375857 -1.1376367522 -0.0317936318919 -0.128571735896 0.0208307277993 -1.38745205205e-06 0.0239154116551 0.505395199505 0.00900392335214 1.04700122763 -1.13831425543 -0.0317964070737 -0.117070503092
419791000000  0.00784087683339 0.0208330082938 7.45719732742e-08 0.0239571579543 0.505392274478 0.0116042864777 1.04700375067 -1.13765887839 -0.0317937783896 -0.12857334321 0.0208308133867 -1.30573206927e-06 0.0239159274567 0.505395432676 0.00900436294818 1.04700122536 -1.138336441 -0.0317965531269 -0.117071553718
419811000000  0.00784125601085 0.0208330083692 7.50060022854e-08 0.0239576094202 0.505392472345 0.0116048316338 1.04700375961 -1.13768084601 -0.0317939148495 -0.128574938771 0.0208307205449 -1.39492636143e-06 0.0239163772328 0.50539563894 0.00900477417596 1.04700122439 -1.13835857693 -0.0317966821229 -0.117072600886
419831000000  0.00784164182126 0.0208330083613 7.49640059185e-08 0.0239580509444 0.505392690629 0.011605388673 1.04700375948 -1.13770279678 -0.0317940553417 -0.12857653217 0.0208307204962 -1.39713220961e-06 0.0239168237512 0.505395806478 0.00900518871191 1.04700122492 -1.13838070833 -0.0317968073598 -0.117073649604
419851000000  0.00784201465536 0.0208330083615 7.49403482828e-08 0.0239585421503 0.50539283393 0.0116059663825 1.04700375651 -1.13772478943 -0.0317941784965 -0.128578131028 0.0208307188775 -1.40328817143e-06 0.0239173226222 0.505396034078 0.00900566071547 1.04700122459 -1.13840285247 -0.0317969476013 -0.117074700475
419871000000  0.00784239212909 0.0208330082945 7.45773330644e-08 0.0239589902653 0.5053930396 0.0116065238653 1.04700375078 -1.13774675775 -0.0317943118546 -0.128579713166 0.0208306949155 -1.42997876946e-06 0.023917778544 0.505396206469 0.00900608700527 1.04700122282 -1.13842499339 -0.0317970752705 -0.117075738846
419891000000  0.00784275507119 0.020833008342 7.48569575169e-08 0.023959443195 0.505393247819 0.0116070909243 1.04700375785 -1.13776870826 -0.0317944491088 -0.128581310733 0.0208307072228 -1.41777619812e-06 0.0239182288632 0.505396387409 0.0090065168264 1.04700122393 -1.13844711216 -0.0317971986538 -0.117076790065
419911000000  0.00784332231453 0.0208330083657 7.49920686213e-08 0.0239598164567 0.505393494825 0.0116077808443 1.04700375895 -1.13779051678 -0.0317945614514 -0.128582879557 0.0208305861961 -1.52354485503e-06 0.0239186579569 0.505396448714 0.00900700496579 1.0470012713 -1.13846918268 -0.0317973096571 -0.117077833334
419931000000  0.00784352074664 0.0208330083382 7.48149362309e-08 0.023960372675 0.505393616644 0.0116082367726 1.04700375536 -1.13781263088 -0.0317947133078 -0.1285844989 0.0208307396775 -1.38415274884e-06 0.0239191623315 0.5053967522 0.00900741245658 1.04700124173 -1.13849135887 -0.0317974818691 -0.117078885671
419951000000  0.0078438815675 0.0208330082943 7.45780327546e-08 0.0239608253183 0.505393805831 0.0116087739392 1.04700375086 -1.13783461072 -0.0317948424717 -0.128586079348 0.0208307482363 -1.37022321321e-06 0.0239196194375 0.505396973263 0.00900782622722 1.04700122197 -1.13851350065 -0.0317976187662 -0.117079923274
419971000000  0.00784426405143 0.0208330083694 7.50091256005e-08 0.0239612762966 0.505394002954 0.0116093197001 1.04700375966 -1.13785656426 -0.0317949785601 -0.128587673736 0.0208306798174 -1.43922139116e-06 0.0239200691256 0.505397172383 0.00900823859706 1.04700122433 -1.13853562009 -0.0317977453102 -0.117080972193
419991000000  0.00784461601596 0.0208330083676 7.50015787044e-08 0.0239617357735 0.505394191785 0.0116098685395 1.04700375941 -1.13787852899 -0.0317951104985 -0.128589266301 0.0208306313435 -1.4787792958e-06 0.0239205330502 0.505397297262 0.00900866196001 1.04700126287 -1.1385577466 -0.0317978717199 -0.117082021453
420011000000  0.00784497491261 0.0208330083645 7.4964786549e-08 0.0239621834784 0.505394385694 0.0116103879922 1.04700375691 -1.13790048882 -0.0317952475642 -0.128590861571 0.0208305365165 -1.57187743176e-06 0.0239209849561 0.505397478569 0.0090090483069 1.04700126761 -1.13857988422 -0.0317980163426 -0.117083067426
420031000000  0.00784536200853 0.0208330083582 7.49313040271e-08 0.0239626698561 0.50539454997 0.0116110038705 1.04700375757 -1.13792244438 -0.0317953750158 -0.128592455035 0.020830581235 -1.53953882361e-06 0.0239214757735 0.505397748765 0.00900954246015 1.04700123817 -1.13860200885 -0.0317981614118 -0.117084107101
420051000000  0.00784576013452 0.0208330082953 7.45883695794e-08 0.0239631125044 0.505394762876 0.0116115691125 1.04700375129 -1.13794439156 -0.0317955075897 -0.128594033613 0.0208306293772 -1.49950754721e-06 0.02392192366 0.505397945701 0.00900997993446 1.04700122022 -1.13862411882 -0.0317982837841 -0.117085146789
420071000000  0.00784614730409 0.020833008348 7.4894814528e-08 0.0239635598536 0.505394972976 0.0116121268856 1.04700375854 -1.13796632524 -0.0317956474091 -0.128595628924 0.0208306939063 -1.42874509586e-06 0.0239223688973 0.505398096322 0.00901039957478 1.04700123766 -1.13864621788 -0.0317984023844 -0.117086200439
420091000000  0.00784650018759 0.0208330083083 7.46756634932e-08 0.0239640150969 0.505395156158 0.0116126645044 1.04700375385 -1.13798829349 -0.031795775329 -0.128597211189 0.020830702934 -1.42588248235e-06 0.0239228311067 0.50539831388 0.00901081277799 1.04700122205 -1.13866834798 -0.0317985396636 -0.11708724309
420111000000  0.00784706364126 0.0208330083475 7.48695094061e-08 0.0239644247988 0.505395370179 0.0116134112926 1.04700375486 -1.13801008285 -0.0317958825843 -0.128598795262 0.0208306953738 -1.42697620179e-06 0.0239232951849 0.505398476672 0.00901137023106 1.04700122667 -1.13869039824 -0.0317986575875 -0.117088289903
420131000000  0.00784726833805 0.0208330083681 7.50003498527e-08 0.0239649455372 0.505395532819 0.0116138372896 1.04700375915 -1.13803217316 -0.0317960384613 -0.128600395852 0.0208306828474 -1.43150679906e-06 0.0239237650705 0.505398620587 0.00901173599494 1.04700127223 -1.13871254329 -0.0317987946284 -0.117089340898
420151000000  0.00784764399976 0.0208330083485 7.49009231436e-08 0.0239653905561 0.505395741043 0.011614382517 1.04700375897 -1.13805410893 -0.0317961770149 -0.128601986828 0.020830663701 -1.45821263151e-06 0.0239242085357 0.505398880075 0.00901214219562 1.04700122956 -1.1387346623 -0.0317989399978 -0.117090376689
420171000000  0.00784799681896 0.0208330083627 7.49627102818e-08 0.0239658424954 0.505395923706 0.0116148903032 1.04700375832 -1.13807606463 -0.031796312001 -0.128603583979 0.0208307271027 -1.39792556117e-06 0.0239246629842 0.505399090333 0.00901252164929 1.04700122441 -1.13875678411 -0.0317990786303 -0.117091429357
420191000000  0.00784851966061 0.0208330083233 7.47448365121e-08 0.0239662300575 0.505396146953 0.011615552162 1.04700375372 -1.13809788431 -0.0317964191123 -0.12860515012 0.0208307430198 -1.37404240836e-06 0.0239251013603 0.505399221975 0.0090129923707 1.04700123952 -1.13877885491 -0.0317992012113 -0.117092468664
420211000000  0.00784896364662 0.0208330083492 7.4894924329e-08 0.0239667023602 0.505396354327 0.011616252521 1.04700375643 -1.13811977468 -0.0317965473162 -0.128606734153 0.0208307912677 -1.32911628432e-06 0.0239255784503 0.505399385917 0.00901356480076 1.04700124439 -1.13880090856 -0.0317993149394 -0.117093507966
420231000000  0.00784914249625 0.0208330083694 7.50116087547e-08 0.0239672308552 0.50539648936 0.0116166332478 1.04700375936 -1.1381418806 -0.0317967022161 -0.128608342518 0.0208309011598 -1.22066567052e-06 0.0239260521808 0.505399652912 0.00901389119385 1.04700123398 -1.13882306724 -0.0317994769834 -0.117094561657
420251000000  0.00784953400572 0.0208330083617 7.4971334859e-08 0.0239676697028 0.505396709089 0.0116171933896 1.04700375951 -1.13816379509 -0.0317968425565 -0.128609931321 0.0208308285734 -1.28265738807e-06 0.0239264985965 0.505399839434 0.00901430771984 1.04700122493 -1.13884516981 -0.0317995994583 -0.117095603608
420271000000  0.00784990811209 0.0208330083618 7.49474505742e-08 0.0239681595813 0.505396852178 0.0116177718638 1.04700375655 -1.13818575316 -0.031796965213 -0.128611526397 0.0208307875474 -1.32333615282e-06 0.0239269983861 0.505400069705 0.00901478037978 1.04700122451 -1.13886728309 -0.0317997349076 -0.117096650363
420291000000  0.00785028607854 0.0208330082948 7.45840667194e-08 0.0239686064157 0.505397057636 0.0116183299537 1.04700375081 -1.13820768687 -0.0317970980464 -0.128613104852 0.0208307385821 -1.37398820539e-06 0.0239274546 0.505400244097 0.00901520709616 1.04700122273 -1.13888939193 -0.0317998586574 -0.117097685054
420311000000  0.00785064933536 0.0208330083423 7.48639690354e-08 0.0239690581334 0.505397265651 0.0116188976891 1.04700375789 -1.13822960279 -0.0317972347835 -0.128614698752 0.0208307349753 -1.37850940357e-06 0.0239279048274 0.505400426617 0.00901563743648 1.04700122385 -1.13891147779 -0.0317999787499 -0.117098732763
420331000000  0.00785097931633 0.0208330082951 7.45938791363e-08 0.0239695180146 0.505397438835 0.0116194205205 1.04700375159 -1.13825155826 -0.0317973616027 -0.128616285626 0.0208307304018 -1.38318094987e-06 0.0239283735234 0.50540063265 0.0090160402096 1.04700122019 -1.13893359432 -0.0318001160231 -0.117099778194
420351000000  0.00785136577226 0.0208330083586 7.49531131296e-08 0.0239699614004 0.505397658686 0.0116199879822 1.04700375864 -1.13827346179 -0.0317975028189 -0.128617876075 0.0208307408336 -1.36835711433e-06 0.0239288157899 0.505400785626 0.00901646622369 1.04700123461 -1.13895566732 -0.0318002330175 -0.117100826391
420371000000  0.00785190298318 0.020833008363 7.49818934704e-08 0.0239703453093 0.505397884314 0.0116206603312 1.04700375863 -1.13829525242 -0.0317976109819 -0.128619445627 0.0208307281151 -1.38699381883e-06 0.0239292495592 0.505400956821 0.00901694299702 1.04700122751 -1.13897771686 -0.0318003613443 -0.117101863746
420391000000  0.00785209867654 0.0208330082943 7.45820983247e-08 0.0239708993171 0.505398013587 0.0116211442373 1.04700375074 -1.1383173292 -0.0317977573044 -0.128621047728 0.0208308137325 -1.30524507529e-06 0.02392976413 0.505401189778 0.00901738258282 1.04700122524 -1.13899985301 -0.0318005071817 -0.117102909663
420411000000  0.0078524778528 0.0208330083697 7.50161693322e-08 0.0239713495519 0.50539821124 0.01162168937 1.04700375967 -1.13833924741 -0.0317978935457 -0.128622638084 0.0208307208724 -1.39445739648e-06 0.0239302126722 0.505401395836 0.00901779380214 1.04700122427 -1.13902193951 -0.0318006359688 -0.117103952119
420431000000  0.00785286366228 0.0208330083618 7.49741821417e-08 0.0239717898509 0.505398429309 0.0116222463861 1.04700375954 -1.13836114879 -0.031798033807 -0.128624226279 0.0208307208466 -1.39663868057e-06 0.0239306579548 0.505401563167 0.00901820832942 1.04700122481 -1.1390440215 -0.0318007610069 -0.117104996124
420451000000  0.00785323649516 0.0208330083619 7.49504975413e-08 0.0239722798201 0.505398572401 0.0116228240721 1.04700375657 -1.13838309203 -0.0317981567731 -0.12862581993 0.0208307192068 -1.40281583081e-06 0.0239311555968 0.505401790557 0.0090186803241 1.04700122447 -1.13906611622 -0.031800901027 -0.117106042285
420471000000  0.00785361396778 0.020833008295 7.45874525372e-08 0.0239727267083 0.50539877786 0.0116233815317 1.04700375085 -1.13840501096 -0.0317982899116 -0.128627396866 0.0208306952519 -1.42949946585e-06 0.0239316102827 0.505401962741 0.00901910660509 1.0470012227 -1.13908820774 -0.0318010284893 -0.117107075943
420491000000  0.00785397690875 0.0208330083425 7.48671263469e-08 0.0239731784101 0.505398985864 0.0116239485676 1.04700375792 -1.13842691209 -0.0317984269405 -0.12862898923 0.0208307075571 -1.41729832702e-06 0.0239320593712 0.505402143474 0.00901953641715 1.04700122381 -1.1391102771 -0.0318011516721 -0.117108122453
420511000000  0.00785454415195 0.0208330083662 7.50022108215e-08 0.023973550456 0.505399232656 0.0116246384634 1.04700375902 -1.13844867123 -0.0317985390318 -0.128630552858 0.0208305865006 -1.52309526014e-06 0.0239324872315 0.505402204578 0.0090200245477 1.04700127118 -1.13913229823 -0.0318012624723 -0.11710916101
420531000000  0.00785474258207 0.0208330083387 7.4825092815e-08 0.0239741054307 0.505399354265 0.0116250943693 1.04700375542 -1.13847073595 -0.031798690715 -0.128632166992 0.0208307399934 -1.38369552139e-06 0.0239329903878 0.505402507844 0.00902043202734 1.04700124161 -1.13915442503 -0.0318014344389 -0.117110208648
420551000000  0.00785510340164 0.0208330082948 7.45881451037e-08 0.0239745568436 0.505399543242 0.0116256315124 1.04700375092 -1.13849266642 -0.0317988196714 -0.128633742238 0.0208307485695 -1.36974828503e-06 0.0239334462608 0.505402728695 0.0090208457894 1.04700122186 -1.13917651742 -0.0318015711187 -0.117111241542
420571000000  0.00785548588437 0.0208330083698 7.5019279536e-08 0.0239750065918 0.505399740152 0.0116261772499 1.04700375972 -1.13851457059 -0.0317989555417 -0.128635331425 0.0208306801369 -1.4387607669e-06 0.0239338947154 0.50540292761 0.00902125815107 1.04700122421 -1.13919858747 -0.031801697459 -0.117112285752
420591000000  0.00785583784786 0.0208330083681 7.50117310547e-08 0.0239754648388 0.50539992877 0.0116267260663 1.04700375947 -1.13853648596 -0.0317990872691 -0.12863691879 0.0208306316554 -1.47832390308e-06 0.0239343574059 0.505403052284 0.00902168150535 1.04700126275 -1.1392206646 -0.0318018236676 -0.117113330304
420611000000  0.00785619674347 0.0208330083649 7.49749367156e-08 0.0239759113151 0.505400122467 0.0116272454958 1.04700375698 -1.13855839642 -0.0317992241204 -0.12863850886 0.0208305368222 -1.57142704783e-06 0.0239348080785 0.505403233381 0.0090220678435 1.04700126749 -1.13924275285 -0.0318019680666 -0.11711437157
420631000000  0.00785658383838 0.0208330083587 7.49414565041e-08 0.0239763964621 0.505400286533 0.0116278613512 1.04700375764 -1.13858030263 -0.0317993513661 -0.128640097123 0.020830581542 -1.53908858169e-06 0.0239352976731 0.505403503362 0.00902256198767 1.04700123805 -1.1392648281 -0.0318021129024 -0.117115406543
420651000000  0.00785698196302 0.0208330082958 7.4598475196e-08 0.0239768378854 0.505400499225 0.0116284265695 1.04700375135 -1.13860220046 -0.0317994837182 -0.128641670504 0.0208306296972 -1.4990461714e-06 0.0239357443253 0.50540370009 0.00902299945347 1.0470012201 -1.1392868887 -0.0318022350738 -0.117116441523
420671000000  0.00785736913155 0.0208330083485 7.49049758826e-08 0.0239772840084 0.50540070911 0.0116289843195 1.04700375861 -1.1386240848 -0.0317996233106 -0.128643260619 0.0208306942393 -1.42826979921e-06 0.0239361883316 0.505403850506 0.00902341908521 1.04700123754 -1.1393089384 -0.0318023534877 -0.117117490469
420691000000  0.00785772201385 0.0208330083087 7.46857817051e-08 0.0239777380215 0.505400892083 0.0116295219149 1.04700375392 -1.1386460037 -0.0317997510256 -0.128644837686 0.0208307032527 -1.42542298023e-06 0.02393664931 0.505404067854 0.0090238322795 1.04700122193 -1.13933101915 -0.0318024905493 -0.117118528415
420711000000  0.00785828546748 0.020833008348 7.4879612598e-08 0.023978146506 0.505401105891 0.0116302686791 1.04700375493 -1.13866774374 -0.0317998580411 -0.128646416566 0.0208306957098 -1.42649839763e-06 0.0239371121628 0.505404230438 0.00902438972382 1.04700122655 -1.13935302005 -0.031802608259 -0.117119570527
420731000000  0.00785849016203 0.0208330083686 7.50104882488e-08 0.023978666005 0.505401268319 0.0116306946534 1.04700375922 -1.13868978471 -0.0318000137281 -0.128648011955 0.020830683177 -1.43103358235e-06 0.023937580817 0.505404374147 0.00902475547743 1.04700127212 -1.13937511576 -0.0318027450994 -0.11712061682
420751000000  0.00785886582274 0.020833008349 7.49110780911e-08 0.0239791097991 0.505401476329 0.0116312398576 1.04700375904 -1.13871167115 -0.0318001520576 -0.128649597738 0.0208306640404 -1.45772937913e-06 0.0239380230545 0.50540463342 0.00902516166909 1.04700122944 -1.13939718542 -0.031802890238 -0.117121647913
420771000000  0.00785921864084 0.0208330083632 7.49728549532e-08 0.0239795605081 0.50540165878 0.0116317476204 1.04700375839 -1.13873357753 -0.031800286837 -0.128651189692 0.0208307274444 -1.39744016093e-06 0.0239384762733 0.505404843468 0.00902554111434 1.0470012243 -1.13941925789 -0.0318030286632 -0.117122695878
420791000000  0.00785974148241 0.0208330083238 7.47549284519e-08 0.0239799468523 0.505401881815 0.0116324094553 1.04700375378 -1.13875534789 -0.031800393715 -0.128652750643 0.0208307433441 -1.37357422529e-06 0.0239389134223 0.505404974904 0.00902601182716 1.0470012394 -1.13944127935 -0.0318031510327 -0.117123730483
420811000000  0.00786018546745 0.0208330083497 7.4905025285e-08 0.0239804179333 0.505402088975 0.0116331097914 1.0470037565 -1.13877718895 -0.0318005216856 -0.128654329485 0.0208307915999 -1.3286417361e-06 0.0239393892876 0.505405138639 0.00902658424731 1.04700124428 -1.13946328368 -0.0318032645536 -0.117124765088
420831000000  0.00786036431479 0.0208330083699 7.50217416169e-08 0.0239809451848 0.505402223798 0.0116334904955 1.04700375943 -1.13879924556 -0.0318006764119 -0.128655932649 0.0208309015001 -1.22018419324e-06 0.0239398617948 0.505405405417 0.0090269106304 1.04700123386 -1.13948539303 -0.0318034263727 -0.117125814084
420851000000  0.00786075582324 0.0208330083621 7.4981476571e-08 0.0239813828103 0.505402443312 0.0116340506142 1.04700375958 -1.13882111074 -0.0318008165204 -0.128657516262 0.0208308289319 -1.28215517903e-06 0.0239403069733 0.505405591733 0.00902732714868 1.04700122481 -1.13950744627 -0.0318035486499 -0.117126851333
420871000000  0.00786112992837 0.0208330083623 7.4957565306e-08 0.0239818714549 0.505402586192 0.0116346290649 1.04700375662 -1.13884301952 -0.0318009389886 -0.128659106142 0.0208307878816 -1.32285811465e-06 0.023940805533 0.505405821795 0.00902779980049 1.04700122439 -1.13952951024 -0.0318036838838 -0.117127893387
