25 24 22 35 37 35 41 32 
28 21 21 39 37 36 41 31 
27 22 27 38 36 32 40 30 
26 23 27 33 33 34 32 25 
26 22 28 32 33 34 27 25 
25 24 29 36 36 35 27 23 
22 25 29 31 35 38 28 25 
19 25 21 32 31 37 31 28 
21 26 22 34 31 36 30 30 
23 25 23 34 33 39 31 29 
23 24 25 32 33 36 31 30 
23 24 26 31 34 32 28 32 
25 25 28 31 36 33 27 32 
24 23 27 30 32 34 27 30 
25 24 27 30 34 32 28 31 
22 23 26 27 36 33 32 32 
29 22 26 28 36 33 32 30 
26 22 28 31 39 29 30 30 
27 23 28 33 43 56 32 32 
26 24 27 33 57 80 44 30 
27 23 26 36 62 103 51 54 
25 22 29 41 66 110 51 87 
28 22 28 39 70 119 59 99 
31 25 29 41 81 117 89 104 
32 25 31 47 89 159 120 181 
35 26 31 45 95 157 123 191 
32 28 29 40 105 166 132 240 
47 29 30 41 112 185 154 290 
55 42 30 44 127 223 172 303 
59 43 29 38 119 195 153 272 
67 52 30 38 114 194 223 324 
69 52 31 42 111 188 252 305 
66 60 32 41 103 170 249 281 
62 63 32 33 74 110 232 274 
67 75 32 36 71 105 294 277 
65 89 31 34 71 136 478 223 
71 95 33 31 58 133 468 246 
67 92 29 31 56 129 489 241 
77 105 49 31 57 158 555 263 
86 140 90 32 56 195 578 285 
86 141 93 33 53 176 486 287 
82 138 93 32 54 178 490 261 
84 138 94 32 57 183 475 278 
86 151 89 33 72 171 459 304 
89 136 50 37 73 130 416 279 
92 169 87 36 69 118 362 270 
94 180 94 38 74 123 398 272 
94 184 95 40 70 120 434 279 
84 188 101 41 57 112 403 254 
72 207 120 42 66 130 496 259 
63 183 112 50 74 151 511 255 
64 185 128 52 70 151 488 247 
73 191 132 57 79 181 577 303 
90 187 140 56 76 203 632 306 
92 170 170 62 83 206 642 333 
99 173 160 56 79 193 626 342 
98 163 147 55 90 202 653 345 
107 163 149 56 97 237 686 361 
99 206 177 62 107 237 698 350 
104 253 181 50 97 234 648 329 
99 259 191 53 106 277 652 323 
100 261 193 58 111 292 659 321 
93 257 191 57 140 276 563 231 
103 217 168 61 146 281 515 311 
100 178 125 66 151 334 496 319 
114 157 111 67 158 386 516 336 
119 156 112 78 180 377 503 349 
121 154 124 86 182 398 486 361 
126 177 121 87 178 395 462 397 
127 218 139 96 202 398 499 395 
148 262 166 96 192 339 542 462 
154 270 167 86 171 344 580 586 
158 275 156 78 156 385 618 596 
170 259 146 74 161 417 648 564 
221 267 179 67 143 377 626 626 
227 237 158 64 146 372 600 596 
226 240 158 66 163 374 556 462 
225 240 160 76 194 332 506 430 
227 241 166 72 187 283 443 487 
186 293 166 66 174 269 414 419 
158 292 166 67 175 271 351 385 
155 287 166 66 166 274 309 406 
160 282 166 51 119 247 269 454 
136 283 160 56 122 251 270 379 
123 141 116 62 133 286 252 364 
122 131 125 64 138 301 272 369 
126 134 122 60 130 294 276 364 
119 142 123 67 143 292 283 319 
120 153 136 65 137 283 275 281 
137 185 119 60 127 255 283 275 
152 178 105 60 128 219 247 301 
162 173 100 64 139 232 254 285 
168 181 98 59 121 222 284 278 
166 197 105 58 126 236 291 263 
147 184 103 57 123 232 278 275 
144 185 101 56 144 251 285 249 
129 180 102 49 123 237 277 244 
112 186 118 45 116 213 214 247 
115 178 114 43 124 218 183 282 
119 168 115 46 126 215 175 263 
102 169 122 47 122 266 196 277 
139 174 138 70 166 339 231 335 
147 154 136 91 170 350 235 353 
143 122 118 93 166 350 236 330 
146 105 117 97 171 367 265 357 
163 112 122 102 175 355 265 393 
141 160 102 95 134 276 233 407 
132 161 108 83 161 278 286 390 
134 159 113 80 168 275 307 413 
127 161 109 75 167 271 315 423 
113 153 92 69 152 212 290 432 
108 94 100 69 192 208 290 416 
106 84 80 61 170 222 318 425 
136 86 70 66 166 215 325 445 
148 242 91 97 175 198 313 511 
146 275 251 99 165 198 324 470 
146 274 271 97 132 201 341 486 
151 286 282 102 141 199 272 597 
132 287 306 129 134 198 251 583 
116 177 331 113 119 203 233 504 
138 129 258 118 129 221 223 516 
136 138 241 118 118 219 218 482 
171 123 320 125 113 187 210 389 
171 120 301 104 141 220 204 378 
196 124 284 101 180 244 208 419 
201 117 284 92 176 252 222 410 
200 102 284 96 187 285 213 404 
181 93 205 90 181 290 229 389 
198 91 209 86 174 292 245 420 
183 86 216 106 157 302 262 395 
171 116 272 127 188 311 319 503 
177 119 286 123 186 290 323 543 
185 122 271 128 197 290 327 527 
169 139 345 126 201 279 312 494 
207 159 372 115 200 261 296 575 
200 138 331 94 176 241 221 493 
198 140 322 121 201 319 262 506 
193 140 386 112 190 327 244 518 
194 145 361 118 179 319 236 525 
151 132 333 112 164 308 263 458 
142 126 325 125 175 332 281 471 
140 127 341 109 149 283 247 441 
124 128 273 115 190 302 269 460 
119 102 213 110 192 301 268 495 
125 100 212 117 207 337 276 480 
137 111 240 121 231 305 272 506 
146 111 216 131 259 328 314 482 
143 99 201 140 252 311 311 508 
136 109 212 141 256 328 316 503 
123 99 195 138 262 330 302 538 
119 88 183 130 277 424 329 504 
112 129 211 112 251 383 270 500 
112 132 217 91 234 376 253 418 
111 122 214 84 236 397 300 368 
112 124 232 80 241 382 301 288 
119 126 214 76 202 303 284 305 
103 78 188 87 193 302 280 348 
102 73 178 93 196 316 292 355 
99 69 165 101 189 315 288 416 
108 68 127 104 173 319 279 425 
94 64 123 108 149 292 250 381 
96 66 148 101 142 294 287 372 
93 93 252 105 157 302 285 406 
91 99 261 98 148 253 245 344 
78 94 264 97 143 251 276 334 
72 91 264 89 161 261 283 345 
91 108 263 92 164 262 250 366 
105 89 176 81 154 240 234 355 
111 84 163 85 191 290 320 386 
112 83 158 86 185 263 319 414 
115 83 153 81 167 249 316 435 
97 48 98 72 164 252 308 397 
97 39 79 73 157 245 317 383 
90 41 75 68 103 181 223 373 
98 42 73 59 110 215 176 374 
97 46 56 65 142 233 165 373 
105 48 61 66 144 224 176 380 
91 50 60 76 149 231 161 385 
93 49 73 77 169 279 223 391 
86 45 68 75 173 259 224 443 
84 44 70 70 149 243 229 424 
81 46 69 70 156 251 220 409 
80 44 66 60 191 287 286 385 
81 43 59 70 189 252 250 396 
76 52 61 73 181 254 241 285 
81 50 64 77 202 270 240 269 
84 46 58 75 204 276 255 296 
91 50 57 74 167 224 177 326 
88 56 57 62 150 202 182 301 
84 48 57 66 182 252 227 296 
80 50 51 63 167 264 248 308 
80 57 57 61 157 253 233 272 
96 61 61 57 144 247 226 304 
101 59 56 64 140 243 212 300 
105 62 59 57 87 174 157 306 
102 61 59 56 92 149 122 297 
93 64 60 59 92 143 113 324 
70 59 73 58 102 145 114 278 
59 66 87 50 106 143 96 263 
79 159 89 52 102 131 105 299 
104 197 90 50 78 95 107 351 
110 198 87 47 76 86 108 341 
108 204 74 48 63 89 112 314 
112 203 56 45 58 88 109 319 
103 144 45 41 60 93 106 294 
81 87 39 39 58 91 111 225 
76 79 36 42 59 97 130 206 
83 65 32 44 59 92 138 226 
79 60 28 42 68 113 158 243 
74 52 25 48 67 113 169 256 
74 53 24 47 68 112 165 279 
77 54 26 50 71 115 157 284 
71 49 24 53 69 116 165 329 
69 45 27 69 59 103 184 325 
64 45 28 68 58 108 174 313 
64 54 28 70 55 110 167 318 
68 70 27 67 49 110 174 320 
87 86 30 61 49 104 177 260 
87 94 31 47 43 95 146 228 
87 98 33 41 39 101 140 216 
87 91 33 39 45 100 138 182 
79 77 33 34 51 106 158 168 
58 62 30 39 70 115 149 191 
64 59 29 36 73 114 146 198 
72 60 27 39 77 97 158 207 
71 62 27 39 72 96 165 273 
72 63 27 42 69 85 162 311 
76 61 28 42 59 102 186 327 
76 53 27 38 60 117 194 370 
68 42 26 36 59 126 197 363 
63 36 28 36 66 142 197 327 
86 40 28 34 68 148 187 305 
89 40 33 35 72 139 179 331 
89 37 32 38 67 125 175 294 
93 39 35 44 71 119 169 310 
95 40 37 43 69 112 162 297 
76 35 39 43 76 104 152 280 
87 35 35 43 65 118 150 265 
83 34 34 41 65 122 153 262 
78 31 32 41 61 142 197 256 
79 30 29 42 57 142 241 296 
77 27 26 42 49 145 240 290 
52 23 25 40 51 131 224 241 
89 37 28 47 104 211 262 245 
102 42 29 43 114 225 240 310 
99 41 31 42 114 221 199 292 
101 42 32 40 114 222 197 305 
117 45 32 42 114 223 220 345 
93 37 30 37 71 150 210 382 
94 34 30 37 53 121 208 360 
98 36 27 36 56 119 209 361 
96 36 28 36 58 125 206 350 
85 34 29 35 62 131 192 361 
115 36 29 32 60 130 162 371 
110 34 27 34 66 120 180 350 
108 34 30 36 67 119 181 345 
107 33 30 38 72 118 182 349 
102 33 28 37 71 113 193 345 
66 30 28 38 72 119 181 285 
54 29 31 35 68 117 143 263 
51 29 27 32 64 114 145 256 
65 32 28 31 57 114 210 310 
60 32 30 34 67 111 190 252 
59 31 29 31 72 111 191 263 
60 30 26 32 72 113 221 298 
67 29 32 34 86 146 232 315 
56 27 31 34 89 153 179 256 
65 27 28 32 79 151 212 270 
79 28 31 34 75 149 213 294 
80 31 32 36 77 152 234 309 
76 28 28 34 63 130 234 300 
75 28 29 31 53 109 233 302 
70 29 29 30 53 106 209 290 
56 26 27 32 51 108 218 295 
54 23 26 30 52 124 185 268 
51 24 24 31 60 135 164 247 
52 24 23 35 59 133 157 248 
75 27 23 38 59 135 166 269 
75 28 22 38 60 127 171 243 
77 32 26 41 60 115 158 215 
79 33 28 40 58 116 170 215 
78 32 27 38 67 127 191 233 
59 29 29 36 76 132 196 252 
57 33 32 37 78 146 198 236 
55 29 32 43 84 153 212 247 
55 29 31 46 78 146 214 255 
57 30 33 48 71 137 205 248 
53 29 32 49 63 128 200 220 
55 27 29 49 58 111 184 246 
59 31 26 44 57 88 173 247 
69 33 27 41 55 66 162 265 
67 33 27 38 57 71 156 257 
67 32 26 35 68 80 154 271 
74 33 28 33 68 92 145 294 
76 30 31 27 57 97 137 321 
67 28 28 30 59 94 140 307 
70 28 29 34 58 92 136 315 
69 27 31 34 49 91 136 307 
67 24 30 35 67 109 171 308 
59 23 27 35 72 116 178 294 
58 23 30 35 73 119 173 293 
57 26 29 32 74 120 191 282 
62 25 27 30 74 121 180 309 
57 26 28 33 70 144 168 277 
58 29 29 39 69 142 146 247 
59 29 28 37 68 144 149 242 
67 28 28 40 66 140 132 329 
67 33 29 44 64 140 141 315 
66 33 29 42 55 91 131 312 
66 31 28 41 50 77 149 316 
73 36 29 46 65 119 259 334 
70 36 32 47 95 183 283 337 
68 34 30 45 94 184 289 319 
65 33 28 44 90 181 286 313 
64 34 28 40 92 182 281 315 
63 30 27 36 88 164 196 306 
59 28 27 34 55 90 156 219 
59 26 28 36 55 91 140 213 
58 25 29 36 56 94 135 190 
63 27 30 39 57 99 158 211 
