15 20 21 24 26 22 22 21 
15 22 22 22 22 22 20 21 
16 21 24 21 27 22 20 23 
18 22 21 20 26 20 20 36 
21 22 19 19 26 20 21 38 
21 22 21 22 26 20 21 47 
21 23 25 23 27 20 21 51 
20 23 23 22 24 23 20 54 
17 22 24 25 24 26 22 46 
16 22 24 25 23 27 20 44 
15 21 22 24 24 27 20 47 
19 19 20 22 24 27 20 48 
20 20 23 25 22 24 21 48 
19 22 25 23 22 22 21 52 
24 40 30 23 23 24 22 54 
47 49 31 23 21 23 24 42 
48 52 29 24 28 47 28 38 
50 53 28 25 49 87 38 67 
53 54 26 24 58 93 54 87 
51 44 24 34 93 142 76 90 
33 34 22 36 98 154 82 92 
29 31 24 41 114 191 110 94 
27 29 27 45 138 208 147 103 
26 27 27 47 139 213 169 111 
31 27 25 50 145 233 183 144 
35 27 24 49 143 228 190 154 
35 27 25 46 131 197 177 169 
39 28 22 44 128 206 160 180 
44 28 24 48 131 221 144 180 
45 26 23 38 101 175 134 191 
53 46 27 38 104 178 129 203 
61 49 27 37 103 179 139 194 
61 47 26 32 61 129 142 187 
60 48 24 22 44 91 169 194 
84 56 26 21 49 98 165 178 
94 105 25 21 41 86 172 173 
95 115 27 22 38 81 174 171 
97 118 28 24 41 87 177 179 
98 120 29 26 50 90 151 169 
83 126 32 27 46 77 224 221 
73 91 37 29 48 93 239 218 
71 86 34 27 49 95 240 218 
72 87 34 25 54 95 242 215 
84 92 35 23 48 93 254 226 
83 116 33 26 50 102 214 213 
80 115 27 23 59 110 234 209 
94 161 32 26 60 119 260 233 
98 161 34 29 58 122 299 244 
93 170 40 31 58 126 354 235 
91 155 92 32 57 120 370 191 
90 158 96 32 45 113 420 222 
92 166 105 30 46 125 472 225 
91 174 118 32 41 124 585 235 
89 174 122 30 37 120 587 260 
93 196 117 34 38 136 609 281 
98 194 120 37 50 166 652 283 
92 191 115 41 62 180 638 314 
91 205 143 43 66 206 554 353 
100 293 175 49 76 232 574 348 
99 289 169 47 75 240 598 340 
121 303 166 51 75 249 570 411 
122 284 164 52 70 276 682 483 
119 288 134 48 72 278 679 453 
118 276 173 42 68 263 701 459 
118 270 167 43 71 266 670 488 
102 256 172 37 66 261 680 451 
106 252 174 34 62 221 556 383 
112 255 173 36 59 204 554 376 
106 165 109 41 75 212 493 389 
119 184 110 38 77 211 530 440 
134 233 126 51 85 204 449 527 
138 260 132 55 95 201 477 526 
170 270 138 72 139 217 487 610 
180 275 139 74 137 243 474 636 
186 290 161 82 143 264 562 654 
190 260 149 86 146 283 590 625 
195 257 145 86 146 303 556 612 
166 232 140 77 138 292 527 592 
157 230 138 73 136 282 558 590 
143 255 115 71 132 265 423 567 
131 252 115 62 125 256 452 555 
127 237 131 97 140 337 601 636 
135 233 135 103 160 395 626 601 
128 220 114 104 164 385 591 568 
124 134 106 104 168 381 566 521 
113 118 97 102 170 379 524 548 
97 88 62 66 154 325 333 453 
90 68 45 55 107 247 279 428 
108 191 59 58 98 249 284 432 
106 202 55 52 86 242 301 423 
104 206 56 54 98 223 288 357 
120 209 56 53 96 166 273 391 
117 211 55 46 86 169 249 399 
104 121 80 43 87 162 220 386 
108 137 82 40 94 178 219 393 
102 159 85 36 81 177 217 368 
72 155 86 36 83 199 249 320 
72 155 88 40 101 223 255 298 
69 159 71 41 98 227 254 292 
59 143 116 43 104 250 274 275 
96 136 116 43 97 244 249 288 
107 142 120 46 100 224 220 283 
109 139 120 49 100 214 231 268 
108 131 110 48 108 222 234 304 
111 113 57 47 95 178 193 303 
84 79 50 45 113 212 193 252 
72 66 42 57 179 278 267 277 
67 61 39 53 189 286 281 283 
67 55 44 52 189 286 287 337 
64 59 43 53 191 286 311 355 
69 57 43 54 189 282 316 392 
68 58 40 43 137 218 248 387 
72 78 40 42 110 186 205 420 
89 127 35 41 102 158 180 395 
94 139 34 40 101 154 124 382 
89 153 35 40 88 98 86 375 
97 154 29 36 93 116 111 413 
96 147 31 35 96 123 108 404 
129 183 38 38 100 128 109 434 
134 178 59 60 120 123 106 510 
147 170 62 63 121 129 113 529 
147 174 62 69 122 117 98 502 
159 175 66 69 121 133 119 547 
126 100 69 69 119 132 118 527 
151 97 61 65 98 135 124 487 
154 92 74 74 127 166 180 479 
165 82 77 70 115 166 177 532 
160 82 99 71 119 156 176 493 
177 81 99 72 120 163 178 536 
159 81 112 68 146 210 223 525 
158 81 121 56 123 193 182 536 
149 104 122 54 127 201 182 481 
155 101 103 56 132 198 177 506 
148 98 102 62 155 239 199 475 
144 90 86 53 129 206 149 488 
141 92 68 53 132 204 147 479 
137 68 66 55 142 246 197 512 
125 66 66 57 152 309 267 503 
133 66 63 52 154 308 263 506 
131 66 60 55 161 307 268 501 
117 71 73 57 157 307 274 529 
125 71 75 56 159 285 259 531 
134 73 71 50 144 224 192 538 
128 72 70 50 117 206 181 525 
145 71 68 48 124 260 193 566 
149 57 42 48 126 284 181 556 
150 63 42 47 107 292 160 554 
151 65 45 46 111 294 164 547 
134 63 43 43 115 292 163 567 
118 61 42 41 99 240 134 502 
132 60 41 43 105 209 140 477 
118 49 36 45 122 225 131 470 
107 42 31 45 122 227 119 464 
106 44 32 48 126 220 115 405 
125 52 36 50 135 234 124 478 
115 55 38 51 154 256 117 488 
115 53 37 48 148 219 119 450 
115 56 37 48 148 211 122 468 
127 63 45 48 150 208 110 468 
108 55 40 45 145 196 110 408 
95 50 37 39 118 181 119 368 
101 58 37 35 101 175 115 361 
107 59 41 41 117 184 115 300 
95 51 34 40 129 231 157 299 
85 51 34 44 145 282 157 260 
86 51 35 45 145 276 150 242 
76 42 33 47 147 279 158 261 
76 39 29 49 157 333 234 279 
76 35 28 52 147 302 223 278 
81 37 29 53 136 267 219 323 
101 40 30 52 137 259 220 341 
103 40 31 52 142 267 227 338 
93 37 31 50 141 205 159 367 
96 37 30 47 135 208 149 374 
95 36 31 42 129 213 164 355 
71 31 30 46 138 237 174 338 
69 29 29 46 140 233 161 360 
67 30 29 40 111 208 144 336 
57 29 27 36 108 200 152 331 
47 27 27 38 114 192 143 320 
50 32 29 46 146 247 214 319 
55 32 31 47 141 241 247 289 
54 33 31 48 148 245 251 273 
50 33 33 55 166 249 247 235 
59 33 33 59 172 259 262 242 
59 30 29 49 137 186 210 255 
59 32 28 54 148 227 196 257 
59 29 28 55 143 225 190 221 
63 32 27 49 120 217 185 242 
58 31 25 44 106 194 155 238 
53 29 25 44 104 188 135 220 
49 27 25 35 80 120 86 229 
55 27 24 34 70 108 82 232 
50 23 23 32 61 98 84 220 
46 25 22 28 48 97 84 190 
48 26 24 39 90 146 100 224 
53 28 25 38 89 148 100 231 
53 33 26 35 89 149 97 234 
54 33 26 35 92 145 81 217 
56 31 27 37 92 138 78 235 
79 51 31 27 52 88 60 238 
94 86 32 27 51 83 59 258 
98 93 34 29 51 80 64 344 
98 95 34 31 45 73 69 349 
96 95 34 30 43 65 65 350 
83 87 30 31 42 57 66 369 
64 53 28 31 40 43 61 328 
56 35 28 29 36 42 57 261 
60 34 28 24 34 37 52 263 
65 34 31 24 34 38 53 254 
59 33 32 23 32 36 49 224 
58 31 31 22 33 35 45 232 
60 37 28 23 32 34 57 256 
56 36 29 24 31 34 61 262 
55 34 26 25 41 63 79 258 
55 32 25 27 44 70 90 246 
57 30 26 26 44 72 103 277 
50 26 25 26 44 75 98 224 
51 24 23 26 45 76 95 227 
49 24 26 26 39 78 95 241 
55 22 23 27 38 74 91 257 
53 23 22 29 37 75 77 218 
53 24 27 30 39 79 79 263 
54 24 26 30 49 96 89 323 
52 24 28 35 89 130 112 341 
55 26 30 32 91 132 112 328 
56 25 31 32 95 135 113 327 
58 24 27 30 97 137 112 309 
56 25 28 31 92 126 106 240 
63 26 23 29 53 79 91 265 
54 28 24 31 51 83 89 260 
52 30 22 29 50 84 96 274 
51 29 23 32 49 77 99 251 
62 29 22 31 48 82 111 337 
56 29 22 29 46 83 99 297 
57 26 19 27 45 80 100 294 
57 25 18 28 42 74 93 289 
64 25 22 27 40 71 96 331 
56 24 22 30 39 62 81 237 
55 25 22 28 40 49 75 259 
54 25 21 31 44 58 72 264 
53 24 22 31 41 65 96 286 
53 29 21 30 39 65 91 262 
51 29 21 28 41 67 106 273 
52 27 22 27 41 67 116 255 
53 27 22 24 33 52 115 255 
50 26 22 25 38 63 104 237 
43 22 20 25 39 66 101 215 
42 22 21 26 37 68 95 223 
44 26 22 28 38 67 79 218 
44 26 24 27 39 66 77 218 
44 26 23 26 32 45 67 210 
43 24 24 28 31 44 76 211 
43 23 25 28 37 55 63 187 
40 22 23 27 36 57 69 194 
41 21 23 28 34 57 66 194 
42 22 23 28 37 57 66 219 
39 24 22 24 37 56 59 223 
41 26 23 24 31 43 55 226 
44 25 22 22 32 43 55 237 
42 27 22 23 35 44 53 226 
41 27 22 23 37 49 58 206 
46 28 24 25 39 52 55 243 
