22 21 27 31 30 29 30 25 
22 22 27 29 30 26 28 23 
21 25 26 28 26 26 28 21 
22 28 28 24 26 25 26 21 
23 27 24 25 26 27 24 21 
22 27 26 25 24 29 25 21 
22 27 25 23 25 28 26 23 
23 23 27 22 28 28 29 21 
24 21 25 22 31 27 32 24 
21 21 26 22 32 25 32 25 
21 22 26 21 33 18 31 23 
25 23 27 22 35 21 30 24 
25 23 27 27 32 19 24 25 
24 18 28 30 29 26 24 22 
24 20 28 30 38 55 46 22 
24 21 26 31 59 71 55 28 
32 39 24 32 58 79 57 60 
33 39 22 36 84 92 81 78 
35 42 26 41 127 178 126 145 
38 42 28 44 127 186 140 167 
47 55 30 46 126 185 149 200 
45 48 30 47 132 196 176 213 
46 49 32 44 127 205 192 224 
47 50 35 40 96 154 202 235 
56 50 35 37 93 144 241 231 
54 36 33 34 84 145 246 211 
51 52 35 33 75 132 246 196 
62 55 34 32 61 126 304 192 
61 55 26 36 46 133 351 173 
59 99 24 37 51 150 336 164 
82 114 27 37 61 186 402 179 
83 112 32 37 61 202 425 180 
79 110 33 36 61 204 424 210 
86 113 41 33 57 210 443 221 
86 86 42 31 53 196 442 233 
63 70 42 33 39 166 448 232 
73 121 83 37 52 168 487 326 
70 142 86 37 50 197 541 322 
63 202 100 43 50 189 568 314 
60 206 103 48 55 202 594 307 
67 213 106 48 65 218 590 301 
71 249 124 46 58 210 596 256 
83 255 138 51 72 174 567 257 
83 214 129 46 74 194 573 249 
83 214 128 51 79 217 613 256 
83 260 147 51 74 217 651 256 
89 228 137 49 72 220 652 238 
95 215 131 47 79 237 624 253 
118 236 139 49 80 229 576 257 
126 252 173 42 74 198 515 250 
131 215 158 48 76 182 490 264 
131 194 144 52 88 220 592 397 
123 268 163 58 77 236 676 377 
117 262 173 59 77 224 687 384 
108 270 145 59 83 227 699 396 
109 257 145 55 85 258 765 422 
114 296 142 55 80 322 726 401 
122 245 137 50 84 322 688 408 
107 242 120 48 85 322 665 407 
113 237 130 50 87 335 655 412 
110 252 130 56 114 383 607 400 
116 213 129 59 160 404 607 346 
108 246 162 61 184 423 579 340 
112 249 175 61 187 430 586 326 
113 227 163 64 194 425 593 359 
112 222 161 60 185 374 524 427 
93 220 157 60 161 275 400 396 
92 171 113 64 134 236 371 423 
94 151 86 64 132 239 340 443 
93 196 138 60 124 248 327 424 
89 188 141 63 149 266 307 337 
87 178 150 60 136 264 430 327 
84 167 150 52 139 298 418 316 
75 163 150 49 133 284 432 298 
70 101 108 50 128 268 463 294 
77 98 105 45 95 237 474 306 
75 92 90 44 97 238 376 279 
77 88 64 42 86 170 367 255 
80 91 83 48 98 216 339 234 
77 109 85 52 96 216 309 191 
72 106 85 51 95 210 271 146 
71 105 86 50 95 197 264 234 
67 101 84 56 110 214 271 234 
69 98 57 57 117 222 279 237 
73 89 71 54 118 221 223 243 
93 80 71 56 123 230 205 272 
105 81 80 58 119 223 201 216 
106 85 82 54 111 219 196 200 
108 89 82 49 94 166 189 232 
112 82 61 47 94 162 190 240 
93 96 88 47 90 182 242 208 
75 103 97 46 117 214 227 194 
71 105 98 46 115 214 238 192 
64 100 98 48 129 224 352 189 
51 91 97 50 139 269 384 171 
49 72 72 46 137 249 375 175 
72 73 51 47 117 235 433 333 
93 75 44 45 114 248 528 359 
100 126 40 43 112 247 469 376 
101 133 40 39 98 197 445 395 
105 135 41 44 93 197 471 452 
97 131 109 44 88 193 443 407 
89 129 114 49 104 191 318 417 
82 86 166 56 104 185 324 396 
89 77 176 62 112 190 320 402 
122 77 176 61 118 192 266 396 
122 72 147 61 139 208 255 357 
120 68 146 59 128 222 256 327 
124 66 85 53 124 221 234 364 
131 72 87 55 134 244 240 434 
108 71 102 70 144 254 225 455 
106 64 98 68 124 234 202 453 
132 74 94 71 137 228 200 457 
137 74 92 71 141 224 198 514 
129 75 75 71 140 202 184 447 
141 78 54 54 121 179 200 435 
151 88 53 54 127 190 180 466 
127 79 56 56 128 173 161 488 
140 75 54 59 127 182 178 489 
138 66 50 52 114 190 219 489 
147 65 48 50 120 192 220 497 
139 55 53 55 121 190 231 472 
144 57 51 57 132 164 233 463 
124 53 61 56 139 151 220 360 
133 63 72 66 145 161 247 376 
115 71 107 75 169 234 274 291 
121 86 107 77 181 232 267 334 
120 86 108 76 164 234 271 349 
138 86 101 77 164 252 299 413 
135 82 98 70 158 232 246 451 
126 74 58 64 129 178 249 452 
117 57 71 59 114 187 272 425 
112 54 72 56 126 237 279 399 
121 78 80 62 132 253 252 364 
114 76 77 61 135 265 271 298 
119 78 78 66 164 295 241 314 
118 80 65 67 162 286 217 350 
119 80 70 66 152 246 210 363 
97 59 64 57 152 248 211 355 
98 57 60 58 161 256 194 358 
90 53 56 48 130 207 189 369 
92 47 50 48 124 213 176 328 
92 52 49 49 130 212 174 303 
92 52 49 49 130 212 174 303 
138 86 101 77 164 252 299 413 
135 82 98 70 158 232 246 451 
126 74 58 64 129 178 249 452 
97 49 48 47 119 198 183 321 
94 49 48 45 108 199 209 307 
90 44 50 44 110 199 208 285 
85 43 49 44 122 215 230 283 
87 42 44 45 137 278 251 283 
76 39 44 47 128 257 245 302 
83 40 41 46 138 246 223 342 
92 49 41 46 148 278 245 334 
90 45 42 45 140 261 252 355 
84 44 39 40 116 192 231 356 
74 42 35 40 123 200 221 284 
78 46 40 38 124 246 224 259 
79 43 38 40 111 229 210 258 
80 44 35 39 113 239 208 207 
87 51 34 45 161 323 217 203 
88 57 37 43 157 319 214 243 
83 55 33 44 147 289 200 270 
83 57 41 43 148 277 175 280 
87 56 42 44 148 275 140 294 
82 51 41 39 102 187 122 291 
83 47 42 46 133 215 194 288 
81 47 43 49 140 209 198 234 
73 43 38 48 140 209 199 210 
76 52 40 53 140 213 219 205 
84 52 40 55 138 205 221 203 
87 51 40 49 109 169 163 193 
84 49 36 43 99 159 155 199 
80 46 33 45 102 173 158 222 
76 40 34 46 134 219 171 208 
70 38 33 41 134 212 172 255 
69 39 32 46 136 220 169 240 
70 48 36 60 162 229 183 245 
73 48 39 66 176 248 200 239 
75 54 38 59 148 191 164 281 
69 57 39 62 152 209 166 243 
62 55 37 62 149 205 169 239 
75 51 40 48 115 193 151 270 
85 52 38 43 108 147 127 295 
88 47 39 46 111 160 132 285 
88 44 39 40 104 139 112 288 
99 51 42 37 100 128 103 305 
96 54 35 37 102 131 104 290 
87 62 37 33 76 123 94 266 
82 60 40 40 76 109 90 257 
83 61 42 47 74 113 86 275 
79 63 40 52 93 131 81 261 
70 61 41 52 94 135 89 279 
66 56 41 50 89 132 82 265 
63 55 33 45 83 124 78 267 
70 64 33 42 82 112 78 261 
78 95 38 36 59 85 77 262 
77 108 39 36 54 67 61 243 
87 115 39 36 59 66 61 272 
90 118 39 36 56 63 54 273 
83 112 37 32 51 54 50 259 
75 96 36 32 49 54 48 273 
75 88 33 37 50 51 52 285 
68 82 30 37 44 47 49 273 
71 77 31 35 43 50 48 258 
70 78 28 33 42 55 47 254 
66 60 23 36 43 59 51 262 
65 43 23 30 40 56 49 237 
57 34 24 31 39 57 53 220 
55 43 26 33 38 54 52 215 
60 47 25 33 37 48 54 230 
54 48 25 28 36 40 57 253 
51 49 26 32 36 39 56 239 
53 49 26 31 39 47 58 264 
50 38 24 30 37 44 61 312 
45 31 26 29 37 67 123 311 
49 30 25 29 34 66 126 322 
49 29 23 28 34 69 126 334 
50 28 25 28 27 64 129 312 
49 29 25 26 37 69 133 301 
53 28 26 26 40 50 78 313 
49 25 27 31 39 57 74 266 
54 27 28 31 40 57 77 267 
56 27 27 31 49 55 72 289 
57 29 25 34 46 74 81 248 
55 27 24 37 49 89 102 227 
63 28 23 33 51 93 140 265 
63 27 24 32 51 102 149 250 
60 26 23 32 46 105 156 238 
62 24 24 31 46 90 152 260 
62 26 25 26 42 84 157 260 
52 25 25 31 44 84 134 208 
49 26 24 31 41 79 135 210 
51 27 26 32 44 87 134 209 
53 27 26 30 42 90 143 291 
49 26 25 33 45 95 203 286 
51 25 25 30 44 91 206 298 
55 26 27 29 44 99 215 372 
55 26 27 30 51 99 214 376 
49 24 27 35 52 103 218 324 
50 23 26 32 54 94 153 323 
48 22 26 31 56 97 151 317 
50 23 27 31 58 109 155 255 
50 23 26 32 52 111 166 274 
50 25 25 28 52 114 157 255 
54 26 24 28 50 116 178 283 
58 27 25 29 47 113 177 333 
51 25 22 29 45 88 152 322 
48 26 22 31 58 93 149 297 
48 25 24 29 59 90 176 320 
54 26 25 32 58 89 164 343 
53 26 24 32 58 93 170 316 
56 26 24 31 61 93 173 356 
62 32 27 30 45 74 179 355 
63 32 28 30 52 73 153 343 
