33 30 27 23 22 26 19 21 
34 29 28 25 23 24 18 21 
35 32 27 23 23 30 20 23 
35 32 29 25 25 61 21 22 
33 32 27 25 24 78 22 22 
22 23 23 23 26 85 22 19 
24 24 22 22 27 85 23 19 
22 23 23 24 25 87 22 18 
23 22 22 22 25 67 20 19 
24 21 21 22 27 46 20 19 
24 21 20 21 24 32 20 20 
22 19 21 21 22 31 19 20 
21 17 20 19 22 25 19 20 
20 16 21 19 26 23 19 17 
19 18 19 20 22 21 20 18 
17 17 21 21 23 22 20 17 
19 18 21 22 26 22 19 17 
20 23 22 24 27 22 21 17 
19 22 21 25 27 37 29 21 
21 22 22 31 54 75 65 23 
28 28 29 48 134 200 116 32 
29 28 29 51 139 212 121 32 
28 26 28 51 142 218 122 34 
30 28 29 57 148 226 123 32 
30 29 30 57 151 224 116 34 
39 26 24 48 95 155 115 36 
40 35 28 45 99 150 121 37 
53 47 33 44 102 148 123 42 
59 49 33 40 100 157 151 46 
66 54 35 43 127 212 171 83 
63 54 35 45 135 210 147 144 
63 49 31 44 130 204 142 149 
54 38 28 46 125 200 141 153 
49 37 26 45 124 193 118 157 
41 28 23 39 93 135 96 147 
34 28 25 34 90 135 122 94 
38 28 25 35 88 138 120 106 
45 39 26 34 88 137 120 103 
47 45 24 32 82 127 123 104 
47 46 26 28 67 113 142 97 
46 47 23 27 48 84 123 98 
44 48 22 24 45 82 126 81 
42 41 22 23 44 82 131 94 
51 60 35 23 42 81 178 115 
55 60 37 26 38 74 161 115 
57 60 37 24 31 64 158 112 
56 61 38 25 28 61 158 111 
53 60 38 24 34 69 177 100 
46 36 26 26 43 93 148 80 
48 49 28 24 45 102 164 108 
58 96 46 26 45 117 232 119 
65 99 46 27 45 116 247 123 
64 104 45 27 41 116 246 120 
66 105 46 26 33 97 242 114 
64 112 46 25 33 106 243 103 
68 112 32 22 34 91 190 138 
68 158 81 27 37 99 229 159 
83 167 84 28 35 103 313 169 
82 169 86 32 42 133 339 177 
83 163 85 33 40 128 430 207 
100 158 109 35 46 144 481 226 
105 141 87 33 50 158 474 266 
96 130 86 35 56 160 456 272 
96 127 86 33 53 143 492 281 
122 151 102 39 63 153 503 291 
112 271 142 49 73 247 595 282 
111 276 146 52 72 248 617 262 
112 294 152 53 74 262 676 260 
137 337 189 56 81 269 683 279 
118 374 227 57 77 285 702 306 
116 330 241 56 64 238 632 319 
117 332 249 55 66 235 646 315 
124 337 270 63 76 274 702 472 
114 317 258 68 72 292 703 470 
111 276 223 71 80 314 754 445 
123 261 183 72 86 332 868 441 
141 279 173 83 102 334 841 452 
152 280 156 80 98 306 774 333 
139 268 152 81 139 301 750 311 
149 266 174 79 139 284 649 340 
165 269 173 81 146 273 546 400 
161 258 199 79 147 296 607 395 
154 259 202 77 149 298 614 395 
160 252 192 73 116 289 618 396 
160 275 184 85 131 295 653 415 
136 265 190 81 139 291 590 373 
121 240 160 77 147 338 570 406 
134 209 141 76 141 331 506 441 
135 198 141 74 140 322 496 453 
125 194 143 66 128 318 507 440 
121 169 124 63 117 318 486 440 
122 170 117 62 112 275 435 391 
93 171 116 68 122 267 439 308 
88 184 124 66 117 274 432 297 
91 167 124 58 110 246 362 239 
85 181 123 59 105 204 341 183 
83 181 123 59 102 164 327 211 
88 178 118 52 92 174 300 201 
95 170 106 53 95 179 294 207 
110 170 91 56 96 179 247 258 
118 163 96 53 101 189 253 282 
116 156 93 54 146 254 275 256 
112 156 92 51 149 256 282 259 
111 164 90 49 152 243 277 258 
95 129 81 47 152 239 246 333 
85 110 115 48 149 249 243 321 
87 119 115 38 87 169 214 327 
87 127 117 36 78 156 204 330 
100 114 116 38 81 157 180 338 
101 112 107 35 75 158 167 220 
99 102 55 33 77 144 162 197 
102 91 51 31 82 152 162 227 
100 78 49 36 86 143 184 235 
76 70 49 36 85 194 196 230 
75 60 44 38 87 199 223 220 
78 60 43 45 121 203 239 217 
91 66 44 52 139 238 245 203 
95 62 41 49 140 255 236 259 
106 108 41 49 139 225 244 316 
115 114 51 50 144 231 227 341 
126 122 91 48 119 220 204 392 
124 123 110 48 97 170 191 415 
121 134 113 52 93 152 169 389 
140 118 136 58 94 138 134 357 
139 120 152 61 105 146 124 393 
138 116 156 88 104 170 148 397 
134 131 176 92 122 170 162 481 
153 130 190 94 131 169 166 514 
148 125 195 100 125 167 179 542 
159 125 189 112 123 146 165 640 
158 123 199 99 144 157 178 674 
167 108 217 97 136 169 170 611 
167 101 214 97 130 160 163 606 
174 92 225 103 161 216 196 585 
169 87 284 98 156 223 217 533 
171 85 267 92 140 203 200 545 
162 78 246 90 137 208 216 572 
156 78 251 101 141 215 231 612 
131 79 246 91 136 188 198 601 
152 80 177 85 139 202 210 569 
143 79 178 85 136 213 207 552 
148 77 166 90 143 205 192 570 
149 70 144 79 159 220 188 503 
151 61 103 70 141 219 188 514 
136 60 83 65 136 209 179 506 
152 68 116 90 135 199 183 475 
155 71 125 94 130 198 205 476 
145 80 148 96 111 206 196 498 
159 83 151 102 120 202 205 538 
146 79 150 103 131 191 187 530 
138 76 117 83 133 203 206 508 
137 73 123 84 161 275 227 595 
143 70 117 87 171 269 235 584 
129 69 120 82 173 281 237 557 
131 70 128 90 185 299 232 578 
122 67 128 92 205 321 224 587 
130 69 103 81 181 264 189 482 
132 69 83 69 167 251 178 506 
125 60 70 69 160 259 180 491 
120 58 53 59 158 271 190 422 
123 57 53 52 133 229 185 417 
99 68 59 53 134 234 198 398 
105 64 50 55 133 228 192 375 
105 68 61 62 145 209 203 363 
104 66 62 56 128 174 210 371 
101 69 61 56 135 199 210 359 
100 57 51 56 139 212 231 357 
85 57 50 53 142 221 245 340 
82 55 33 40 134 242 224 340 
96 57 39 51 190 293 231 336 
89 62 43 49 183 287 233 374 
89 58 43 47 182 271 182 349 
82 55 45 50 189 285 190 332 
82 54 49 51 177 255 195 338 
72 52 55 44 123 224 213 378 
78 54 63 48 120 217 202 322 
79 51 63 51 122 228 221 318 
80 52 63 52 122 207 212 324 
83 50 61 53 121 201 208 356 
77 50 49 52 107 154 161 329 
71 33 35 48 101 144 152 326 
61 34 35 41 89 123 131 305 
61 33 32 45 91 147 115 305 
49 33 30 44 91 150 117 280 
48 31 27 40 89 159 126 237 
47 31 28 47 119 188 140 272 
53 31 28 52 130 181 134 269 
53 30 28 46 132 182 156 274 
51 30 29 46 135 181 151 263 
51 29 28 45 136 177 143 284 
52 29 26 41 117 160 151 262 
49 27 26 35 108 174 164 263 
47 27 24 33 98 147 136 289 
47 26 25 31 97 157 135 270 
48 28 27 37 126 195 151 271 
45 25 26 37 124 186 150 279 
44 28 24 36 116 171 128 281 
43 30 25 39 108 173 144 252 
43 30 27 40 142 216 149 252 
39 30 28 37 119 186 141 236 
43 31 30 36 118 182 118 286 
42 29 31 37 119 185 131 286 
46 27 32 41 132 213 126 276 
47 28 30 42 95 162 125 287 
59 38 33 41 100 155 138 346 
61 47 33 43 101 154 140 275 
62 48 33 45 100 155 129 309 
60 50 31 40 83 114 114 311 
61 57 30 38 76 112 113 310 
49 53 28 40 75 115 101 260 
55 46 25 36 71 110 108 274 
70 70 26 35 73 103 107 231 
70 77 32 40 71 87 107 267 
71 81 34 39 72 72 108 298 
79 80 32 38 55 65 107 294 
73 83 33 39 54 75 107 328 
66 68 34 38 48 68 120 331 
65 69 32 32 48 71 121 291 
66 63 30 33 44 70 114 260 
58 64 29 31 44 70 104 252 
58 58 29 30 43 66 100 197 
48 54 29 28 44 67 83 181 
49 57 25 25 42 63 79 181 
47 53 27 26 46 61 80 203 
47 53 28 26 46 64 71 211 
48 52 28 27 43 54 59 203 
50 51 28 34 62 110 87 234 
53 33 27 36 70 122 98 275 
51 29 25 34 69 126 97 258 
49 25 27 37 72 127 102 253 
49 24 27 37 73 132 102 278 
55 24 25 35 66 101 115 264 
49 21 27 35 55 90 117 249 
49 23 26 37 75 105 129 310 
50 23 25 34 77 115 129 306 
46 22 25 36 83 119 201 283 
39 23 27 32 76 114 187 285 
43 23 26 32 77 113 192 294 
46 25 25 31 58 97 192 218 
41 25 24 32 50 79 194 206 
41 24 25 31 41 86 127 208 
39 23 22 32 41 84 127 198 
39 23 19 30 38 88 122 192 
34 20 20 29 37 87 124 203 
34 20 20 29 38 87 130 204 
37 23 21 27 35 67 126 207 
39 23 23 26 33 68 127 198 
38 23 25 28 39 76 116 165 
42 23 26 29 40 89 130 295 
43 23 26 31 44 95 124 300 
42 20 24 31 45 95 134 306 
41 21 23 31 50 96 134 316 
41 21 21 30 50 84 145 319 
39 24 20 30 51 71 140 209 
41 25 20 31 46 65 151 221 
39 26 23 34 49 68 169 222 
35 27 23 35 54 73 182 212 
35 26 22 35 55 74 173 210 
36 23 23 36 54 77 167 218 
44 25 26 36 60 84 169 259 
49 27 25 34 57 81 152 268 
52 28 24 33 52 96 139 284 
52 30 26 33 48 97 148 283 
53 31 25 31 51 94 146 279 
48 29 22 33 49 102 137 235 
43 28 22 33 68 130 128 211 
45 28 23 36 72 127 119 215 
45 27 23 38 78 129 173 276 
41 24 23 38 77 133 172 259 
39 25 22 34 73 123 173 254 
42 25 20 33 62 101 170 257 
39 22 23 33 64 109 179 245 
40 24 24 32 63 114 146 182 
43 26 25 33 70 114 154 198 
43 26 26 32 71 113 146 191 
45 25 27 32 64 109 143 212 
42 26 24 29 63 108 139 195 
38 23 23 26 56 101 113 180 
37 24 22 29 48 100 130 235 
38 26 23 31 47 98 130 237 
42 25 22 30 48 94 144 235 
42 25 23 28 46 73 145 246 
42 27 24 31 62 74 145 266 
41 25 23 27 63 65 117 217 
40 25 21 26 66 72 118 245 
32 25 22 26 68 76 99 226 
32 25 22 26 68 80 91 218 
38 25 20 23 52 85 88 213 
40 24 22 24 50 90 94 213 
41 24 23 27 61 90 91 175 
43 25 23 31 63 88 95 179 
43 25 22 31 63 90 93 178 
39 25 21 31 63 80 83 154 
36 27 21 30 64 75 72 140 
45 27 22 31 55 68 68 162 
46 26 21 26 48 70 61 171 
49 25 21 27 39 55 76 196 
48 25 21 27 47 74 80 183 
52 24 22 29 53 88 81 198 
43 25 20 25 59 93 86 192 
45 27 23 29 62 93 102 214 
49 28 23 29 64 93 90 200 
52 28 25 32 61 85 87 211 
