19 20 23 31 30 23 23 18 
19 19 23 33 28 24 26 18 
19 21 24 30 27 26 22 19 
19 22 24 30 28 26 24 17 
19 21 24 27 26 26 27 18 
18 20 23 29 26 28 27 17 
17 21 21 24 25 30 26 19 
19 19 23 26 25 28 29 21 
21 19 20 28 25 29 27 23 
20 19 17 28 23 26 24 21 
20 21 19 26 22 26 26 23 
20 21 21 28 27 21 26 22 
19 21 18 25 25 20 24 18 
17 22 20 25 25 19 24 19 
18 22 21 23 27 21 23 21 
20 20 21 24 30 22 21 19 
20 21 20 22 26 23 22 19 
20 22 22 23 26 24 19 20 
19 20 21 22 25 23 18 18 
20 20 20 24 24 22 19 17 
20 22 20 22 21 29 27 25 
21 21 21 24 28 56 31 27 
24 21 19 26 36 61 36 28 
25 27 24 34 93 130 79 53 
34 27 26 35 98 143 86 96 
33 28 26 37 107 163 94 117 
42 30 29 42 127 190 153 138 
45 30 28 42 145 209 161 148 
47 25 24 35 119 178 147 144 
43 25 22 33 116 172 148 122 
43 26 26 39 153 197 149 105 
37 24 23 35 149 200 140 91 
37 26 24 33 133 188 139 85 
35 25 24 33 133 188 140 97 
33 23 24 36 134 186 139 104 
33 20 20 27 79 139 146 105 
30 21 21 24 55 89 107 93 
30 20 20 26 67 98 118 98 
30 21 19 26 66 98 140 235 
30 24 20 26 72 103 151 235 
28 23 19 25 75 109 144 242 
31 23 19 25 75 109 143 247 
25 22 19 28 63 114 131 248 
31 22 20 27 64 114 144 147 
41 40 25 29 55 111 160 156 
41 41 26 29 51 106 179 151 
46 44 25 29 50 97 177 148 
48 47 24 27 40 69 182 145 
51 70 27 29 40 88 194 136 
61 69 24 26 37 90 183 147 
83 112 25 26 36 93 185 141 
84 115 26 30 38 108 215 140 
85 118 28 28 36 120 306 146 
89 123 27 30 36 116 348 173 
83 127 28 29 37 112 376 157 
77 119 51 32 37 113 381 162 
82 142 53 29 35 107 459 188 
84 146 56 31 47 119 504 189 
85 148 57 28 46 142 632 173 
90 186 78 28 47 148 638 175 
93 254 126 29 49 155 681 194 
102 318 147 45 63 184 722 270 
110 335 150 46 57 191 742 296 
128 349 154 48 58 185 678 338 
135 339 177 56 67 199 707 413 
135 296 154 63 79 226 730 425 
136 233 164 54 79 232 666 390 
135 253 164 57 87 249 635 380 
122 293 172 64 92 251 645 351 
125 315 161 70 108 282 691 284 
129 357 181 66 103 292 708 269 
130 437 243 72 101 301 853 307 
143 431 251 76 101 279 830 339 
149 418 270 78 101 301 886 422 
153 418 288 90 89 373 927 424 
152 381 273 90 87 363 878 425 
166 369 219 95 94 412 830 411 
172 370 222 95 100 463 855 486 
174 352 190 91 132 454 789 459 
196 357 172 116 170 510 779 504 
194 364 180 116 183 571 848 515 
182 283 164 117 193 537 787 543 
175 273 198 126 194 509 814 552 
178 278 204 136 202 521 761 529 
141 237 183 108 200 471 655 516 
145 222 176 109 193 404 600 521 
139 200 190 104 196 426 557 489 
139 228 174 92 200 420 486 404 
123 206 169 73 171 407 519 379 
119 204 174 62 133 308 490 330 
106 213 187 62 130 279 429 324 
105 214 166 58 107 234 458 300 
87 211 142 51 94 219 446 291 
82 208 136 54 100 202 410 292 
82 219 132 59 105 213 433 334 
107 221 123 53 101 220 420 302 
108 217 124 49 101 196 358 319 
108 158 102 47 102 228 304 306 
110 153 101 43 97 225 292 295 
113 140 88 40 90 206 252 227 
98 158 83 38 87 194 235 243 
93 159 84 45 95 209 215 207 
93 160 86 46 84 169 215 187 
105 158 87 49 83 166 206 214 
100 149 87 45 81 171 193 264 
91 87 64 45 83 166 215 256 
96 101 88 37 62 138 219 253 
95 100 91 35 66 123 213 256 
87 150 97 31 57 113 214 290 
90 155 96 30 67 107 205 241 
90 158 94 26 65 112 182 233 
85 149 63 26 69 126 162 236 
82 146 55 30 75 149 158 237 
69 92 39 31 92 156 163 165 
61 74 41 41 107 194 202 158 
62 64 39 44 124 233 202 179 
58 53 37 45 126 227 240 214 
60 44 36 46 128 215 247 296 
59 48 39 48 124 220 259 304 
60 54 36 42 107 188 246 329 
81 152 37 42 90 144 244 372 
101 184 37 43 79 137 213 371 
98 190 36 39 72 132 212 300 
119 192 37 42 70 122 191 343 
122 199 37 43 70 136 194 459 
120 152 132 71 68 123 180 459 
106 113 142 78 96 127 177 465 
104 104 148 96 147 214 172 529 
87 97 165 99 149 214 171 516 
95 89 182 102 150 214 177 448 
89 69 140 90 166 293 230 430 
95 70 137 88 181 317 235 473 
119 89 137 80 145 270 224 423 
122 94 121 76 140 267 220 432 
114 86 94 73 141 262 196 409 
142 82 79 69 125 179 136 434 
159 99 82 71 87 159 114 386 
155 80 74 58 88 166 120 411 
177 80 87 55 87 172 115 382 
185 80 90 55 85 173 126 401 
163 87 89 53 78 169 122 411 
169 67 90 41 81 178 148 514 
172 79 98 48 75 168 140 486 
172 80 79 59 143 206 159 550 
164 77 78 58 143 207 153 530 
167 75 84 57 147 221 164 510 
148 72 92 61 150 234 148 439 
148 63 87 60 158 241 159 472 
133 59 93 56 117 224 147 429 
153 64 95 54 128 253 180 462 
155 59 90 57 131 266 190 473 
157 62 72 55 137 250 189 485 
148 57 68 54 141 268 192 453 
134 54 60 43 134 260 188 437 
123 57 61 49 131 248 176 401 
122 55 95 54 127 235 193 358 
110 54 91 63 147 268 232 275 
106 55 89 70 159 300 259 264 
117 77 99 73 194 335 275 304 
106 93 109 72 196 333 269 304 
109 95 88 70 215 350 264 327 
131 96 84 61 209 350 249 382 
131 97 85 70 243 386 317 380 
119 79 77 67 215 354 325 350 
118 58 60 67 224 371 327 333 
109 59 63 71 220 374 337 304 
81 55 62 71 210 341 321 347 
84 57 70 62 156 258 230 354 
81 61 76 77 180 297 230 347 
75 56 87 85 191 309 261 353 
69 57 90 83 177 286 226 360 
68 57 93 84 176 294 242 282 
71 56 94 80 196 362 336 357 
84 58 95 69 176 334 330 357 
89 61 87 81 173 320 328 351 
91 54 77 80 198 362 349 368 
91 54 78 80 200 370 364 358 
89 51 71 83 215 366 357 263 
80 47 63 82 219 377 360 250 
73 40 58 58 199 358 336 257 
71 39 52 60 186 314 325 254 
63 35 49 57 198 334 310 237 
58 37 46 49 157 261 211 252 
58 35 39 55 171 285 215 260 
63 35 39 58 176 298 209 310 
72 36 46 51 161 288 193 307 
84 39 49 52 139 248 180 300 
79 33 47 51 132 241 169 288 
73 30 45 44 104 187 136 277 
70 29 44 38 86 146 129 201 
64 30 38 41 109 170 133 181 
50 28 31 40 122 216 134 175 
55 32 31 40 124 216 183 189 
55 33 34 44 129 216 187 206 
62 34 33 45 139 246 197 204 
58 31 34 40 124 243 195 191 
60 31 32 38 108 205 184 242 
58 28 33 37 104 194 144 261 
59 30 28 28 97 205 151 247 
53 29 28 30 93 180 142 254 
51 29 25 31 86 159 136 245 
48 28 28 31 81 149 143 227 
43 28 26 32 88 159 141 189 
45 27 30 38 91 151 130 192 
45 26 29 36 80 136 128 182 
49 28 31 38 96 167 229 199 
56 27 29 37 104 170 237 216 
55 28 31 45 141 234 252 215 
52 27 28 42 143 247 260 213 
53 27 28 45 152 261 267 234 
53 26 27 47 146 243 221 235 
44 33 30 49 140 237 209 223 
55 35 29 43 106 184 198 244 
62 52 33 53 121 185 185 243 
61 54 34 52 115 171 174 247 
60 56 33 51 114 175 127 292 
62 52 32 50 119 184 122 275 
59 52 31 49 109 163 102 277 
56 37 27 36 79 118 88 320 
58 40 32 35 66 123 99 304 
60 37 33 33 60 117 102 269 
58 36 30 31 61 114 100 264 
67 51 32 35 100 155 108 282 
69 50 30 34 104 161 107 242 
67 45 25 32 106 155 92 238 
63 48 28 31 103 149 91 233 
65 48 29 33 98 144 87 295 
57 30 26 27 66 126 92 316 
60 32 27 27 58 118 98 348 
59 31 27 28 58 117 102 350 
62 28 24 28 56 115 100 357 
63 27 23 27 52 109 112 317 
75 34 25 29 42 72 138 292 
72 31 24 29 41 73 138 247 
76 33 23 31 38 67 141 258 
80 32 22 29 38 72 145 270 
78 34 25 28 41 85 143 272 
62 29 26 30 43 84 99 262 
74 30 29 29 45 85 110 306 
72 30 29 26 43 80 107 330 
69 31 29 28 42 75 102 311 
73 30 29 28 39 60 95 302 
75 30 27 26 41 74 101 326 
63 28 23 28 41 72 88 306 
66 28 25 29 42 82 120 276 
71 30 24 31 48 93 133 293 
75 31 24 31 49 97 134 305 
81 31 25 31 51 90 132 308 
81 31 27 35 53 96 150 318 
83 34 29 36 53 96 126 343 
83 33 27 33 56 95 114 355 
76 35 29 37 67 97 128 463 
69 35 30 38 64 98 131 439 
81 36 31 38 68 99 115 441 
79 34 29 36 66 95 122 470 
79 36 30 37 61 87 125 463 
77 33 29 35 50 104 132 345 
84 35 28 34 65 136 181 362 
73 35 25 28 60 132 192 367 
74 34 25 33 64 137 197 336 
66 32 24 35 74 140 196 305 
66 31 24 36 77 126 182 303 
68 30 24 35 65 88 138 301 
71 29 25 34 66 98 137 285 
76 30 25 34 65 103 121 242 
83 33 26 31 52 106 125 260 
89 32 26 28 56 117 141 276 
80 32 25 28 55 118 139 282 
74 30 25 29 54 109 113 324 
72 30 24 27 50 89 115 326 
68 27 25 26 49 83 118 316 
61 28 24 25 37 71 111 306 
63 26 24 28 39 75 105 290 
72 27 25 28 43 79 128 222 
63 27 26 27 50 86 132 226 
57 27 23 29 53 92 124 245 
62 29 24 29 55 97 129 242 
62 29 24 26 53 89 132 224 
59 30 23 28 52 88 127 324 
59 30 24 27 45 95 123 319 
63 30 25 25 41 98 127 321 
72 28 22 28 60 105 112 365 
73 27 22 31 64 111 115 370 
65 23 23 32 63 113 123 278 
66 22 23 33 62 100 115 294 
65 23 23 35 64 93 124 316 
52 24 22 32 45 82 136 266 
47 25 23 31 42 77 141 266 
58 27 23 28 39 73 125 267 
59 27 21 26 41 80 131 300 
66 25 22 24 38 75 119 290 
64 28 22 22 40 68 108 296 
69 26 22 25 41 77 106 285 
61 26 24 22 43 85 113 313 
72 26 25 24 42 88 125 323 
71 27 24 26 48 98 132 322 
