22 23 28 31 50 52 42 27 
24 24 24 34 53 50 38 26 
25 26 24 34 56 43 43 24 
24 26 24 35 48 39 42 24 
25 27 27 37 49 34 37 25 
25 24 28 38 47 32 36 26 
24 23 33 35 44 32 35 27 
25 23 32 35 37 32 29 24 
25 24 31 35 37 33 26 25 
22 24 30 35 34 33 32 26 
25 24 30 36 39 33 33 26 
24 24 27 38 43 34 36 25 
22 23 26 37 44 35 35 28 
25 22 26 35 43 33 35 27 
27 21 28 32 46 32 32 28 
27 20 28 29 45 35 31 26 
31 21 35 30 45 35 31 26 
32 22 42 28 44 32 31 26 
32 23 44 34 45 35 32 28 
33 22 41 35 42 34 32 29 
33 21 46 38 41 30 30 29 
37 26 45 36 40 31 30 30 
35 24 42 39 41 32 30 27 
35 26 41 37 44 30 33 28 
34 26 40 37 43 29 35 27 
33 28 34 34 40 29 36 30 
25 24 30 34 39 38 39 43 
26 24 26 36 50 55 45 72 
28 24 27 34 53 73 56 91 
29 25 29 34 57 86 55 94 
31 25 36 33 63 99 59 207 
43 37 32 38 79 130 85 264 
45 39 36 49 118 169 125 273 
46 38 37 49 117 172 130 278 
47 38 37 51 120 169 134 283 
49 41 34 55 131 178 189 227 
40 29 36 53 130 167 206 192 
39 28 38 48 131 160 203 172 
41 85 36 45 132 158 204 161 
46 93 37 47 129 165 224 165 
44 95 37 45 118 150 192 173 
45 97 38 45 110 140 168 146 
46 98 34 39 63 103 146 154 
45 65 36 43 59 97 169 173 
59 119 38 41 57 91 201 218 
71 126 38 45 56 97 217 205 
72 127 38 44 55 94 220 207 
74 128 39 43 57 102 313 218 
78 128 37 43 70 107 303 225 
76 161 70 43 75 105 327 194 
71 158 72 38 74 102 345 218 
77 158 73 42 83 101 360 216 
89 169 72 41 79 85 329 240 
92 195 75 41 70 89 430 311 
91 142 45 40 69 95 395 339 
89 144 42 39 68 105 408 335 
94 155 69 45 58 128 443 355 
84 154 71 48 63 158 492 333 
81 158 71 48 62 175 511 274 
78 165 76 48 54 169 516 243 
79 171 76 50 59 166 538 247 
71 165 50 45 58 158 533 229 
91 236 80 49 55 143 508 235 
99 243 92 49 53 119 457 210 
100 242 89 52 51 123 513 214 
100 239 91 51 54 149 548 201 
99 242 93 48 56 153 557 216 
83 170 69 43 68 152 545 256 
99 181 98 45 74 154 519 341 
100 177 99 40 74 191 664 396 
101 172 99 41 74 194 634 402 
100 163 97 44 74 195 654 396 
107 177 101 45 71 195 666 398 
87 170 90 51 66 197 679 394 
83 203 119 56 70 166 507 345 
80 217 122 54 65 142 505 356 
83 219 127 54 62 153 461 388 
71 229 128 51 50 150 467 364 
74 217 111 52 47 152 490 302 
74 182 80 53 52 179 500 276 
79 172 77 54 53 177 481 306 
85 183 66 53 53 160 510 293 
90 159 63 55 53 154 460 286 
86 149 73 47 64 155 399 290 
90 153 101 40 61 130 357 318 
89 154 101 41 61 140 443 345 
82 140 105 40 67 141 392 331 
78 127 104 40 72 163 437 362 
90 159 93 39 63 168 474 404 
90 173 84 38 60 157 466 395 
87 173 85 37 59 151 395 338 
92 177 83 35 54 154 399 333 
93 179 80 35 52 143 346 332 
89 127 79 38 74 155 296 281 
81 129 62 40 78 157 302 273 
81 126 92 42 76 149 309 273 
76 128 96 41 77 148 382 291 
73 127 100 38 77 135 380 246 
67 163 101 39 57 105 378 256 
76 148 96 36 60 114 378 269 
77 142 61 36 65 121 329 290 
74 144 57 39 67 112 196 260 
77 149 49 40 64 107 192 259 
76 127 86 43 65 107 178 255 
72 139 86 47 58 94 199 227 
74 143 89 50 64 107 190 218 
81 147 86 50 92 147 215 222 
79 151 87 52 96 148 222 225 
73 141 59 52 106 156 215 213 
68 119 53 52 106 158 178 214 
65 111 50 50 117 162 168 175 
57 87 82 52 104 138 139 197 
65 79 97 51 106 149 179 202 
62 66 95 51 127 163 233 193 
60 60 95 54 178 199 243 193 
63 70 98 64 212 235 268 202 
79 99 121 68 216 240 290 200 
76 110 116 78 230 320 346 191 
189 255 184 107 312 408 434 365 
246 540 301 118 305 405 452 398 
252 560 310 115 284 398 439 406 
251 565 303 122 300 402 428 410 
273 579 309 123 304 361 432 494 
224 539 277 99 226 277 340 444 
164 274 150 84 202 253 308 427 
158 231 128 83 209 246 314 429 
170 229 145 71 193 233 305 472 
138 196 131 64 177 216 216 507 
127 182 124 59 150 183 157 494 
149 160 116 58 152 208 168 514 
185 169 117 61 152 204 155 568 
175 145 67 58 133 199 161 555 
176 132 103 56 142 265 205 488 
174 127 107 55 145 279 219 481 
157 118 105 61 151 265 240 495 
136 121 105 52 132 252 239 441 
144 134 105 50 127 263 239 424 
167 142 63 44 113 199 198 450 
175 139 57 43 106 169 197 448 
182 137 58 42 88 192 191 454 
179 128 54 50 99 214 194 441 
196 108 49 53 105 217 194 475 
188 100 48 57 107 210 183 488 
188 109 55 63 108 209 166 494 
184 109 50 59 112 205 142 508 
174 100 52 58 99 190 131 508 
143 109 55 55 97 175 126 463 
120 113 55 52 82 159 115 412 
106 102 50 53 93 154 111 416 
113 108 50 63 131 183 123 403 
126 109 45 56 132 180 132 421 
131 117 41 60 139 210 139 438 
140 109 35 62 141 217 137 446 
151 126 36 53 135 233 145 455 
145 124 38 45 109 208 138 437 
128 141 39 48 106 201 128 411 
119 127 50 46 113 179 116 391 
124 132 51 46 120 210 167 399 
121 117 46 49 126 234 171 375 
117 118 46 47 124 239 168 365 
117 99 48 50 136 243 170 379 
118 98 42 51 125 247 179 393 
110 79 44 52 124 245 136 356 
99 80 46 53 120 210 139 358 
105 88 46 55 113 212 156 322 
102 81 44 54 122 231 180 336 
107 95 47 52 120 219 172 308 
105 109 54 48 115 203 174 304 
104 103 53 48 123 213 172 258 
90 93 53 42 118 191 149 275 
88 101 50 42 108 185 115 284 
82 90 48 46 126 232 167 297 
65 74 40 47 142 292 198 281 
60 76 43 47 131 292 191 281 
81 85 46 48 130 290 192 285 
87 76 48 48 122 289 205 244 
81 69 47 44 107 254 169 223 
79 68 46 41 85 165 129 208 
81 67 43 40 85 154 128 210 
59 51 44 46 103 170 148 240 
52 55 43 45 101 147 128 235 
68 80 42 46 101 141 137 260 
68 84 42 51 111 147 146 265 
67 84 43 50 110 161 153 272 
70 82 40 47 148 271 211 254 
75 104 40 48 149 273 214 262 
64 91 40 43 144 287 218 251 
67 101 39 42 138 305 219 243 
68 100 37 46 141 299 218 258 
74 100 34 43 83 201 170 271 
74 81 36 46 88 216 169 270 
69 75 30 52 106 237 178 253 
67 54 30 49 103 217 174 263 
66 56 33 49 105 217 179 318 
55 58 34 49 111 222 155 283 
46 46 37 53 113 229 175 292 
51 47 41 50 109 193 146 298 
51 54 41 53 108 190 140 300 
51 54 38 52 101 180 143 216 
55 51 39 52 101 172 153 248 
55 50 33 46 90 145 129 230 
56 50 31 45 96 156 147 233 
67 80 38 43 91 142 140 256 
62 82 40 44 108 161 128 247 
62 82 38 43 104 157 112 205 
61 83 42 44 101 163 114 202 
58 83 43 44 82 150 109 203 
53 60 36 43 91 162 109 197 
53 66 33 40 69 159 108 207 
53 71 38 43 86 174 132 212 
61 72 34 41 90 168 144 223 
73 78 49 39 89 159 137 228 
77 144 71 46 84 148 137 227 
82 141 74 44 83 130 130 239 
86 142 75 40 72 132 121 241 
94 153 75 42 67 129 109 236 
90 155 64 42 75 133 105 280 
93 109 46 35 70 135 105 277 
92 110 41 36 71 133 105 261 
92 128 36 37 61 101 91 287 
86 116 39 35 63 91 81 318 
91 129 39 40 55 79 81 298 
79 115 39 40 61 80 82 283 
79 121 40 38 56 68 80 290 
81 131 40 37 56 69 82 284 
86 141 39 37 58 67 82 246 
80 124 39 36 56 64 74 227 
91 125 36 36 52 67 71 264 
90 121 34 38 55 68 69 262 
83 89 36 40 50 62 62 252 
75 68 34 40 51 65 60 265 
83 105 36 36 56 65 66 256 
80 118 33 33 52 58 75 237 
80 116 33 35 53 68 94 240 
103 125 39 37 57 84 118 254 
113 129 42 38 52 141 159 280 
111 102 40 46 72 176 199 316 
109 84 45 46 75 178 197 306 
108 81 47 46 74 178 204 337 
115 62 43 47 76 180 230 363 
102 52 40 47 74 140 206 351 
99 61 46 41 49 95 177 330 
97 61 42 43 45 102 176 341 
96 60 40 40 48 104 173 314 
86 60 36 35 45 116 188 332 
89 61 38 35 53 127 230 380 
89 45 29 33 53 129 235 403 
89 43 30 35 55 124 247 399 
89 42 33 43 62 133 250 399 
69 34 34 44 60 117 238 376 
67 32 34 44 59 102 226 354 
60 31 35 46 61 111 232 317 
61 31 34 43 60 107 221 337 
66 33 35 37 51 98 210 348 
67 34 33 35 52 96 190 319 
64 32 33 39 67 113 166 304 
64 34 31 36 74 129 166 300 
61 35 36 40 74 130 174 291 
58 31 33 40 73 126 175 299 
53 29 37 41 73 135 278 303 
53 29 37 36 56 125 280 274 
52 25 36 41 48 99 274 275 
61 23 32 39 51 102 293 298 
70 25 30 39 53 103 293 296 
71 27 25 44 52 90 221 278 
72 26 27 45 53 92 216 274 
73 27 29 43 51 94 204 309 
74 28 29 41 45 86 184 298 
72 29 29 41 44 83 192 319 
