19 23 21 25 29 24 23 15 
18 23 20 27 33 24 23 17 
19 23 20 27 31 20 23 20 
20 20 20 29 34 21 23 24 
19 20 21 29 33 22 21 26 
18 19 21 28 33 24 23 28 
19 20 22 26 30 22 22 28 
18 21 21 24 30 25 22 27 
18 22 21 23 24 23 21 26 
20 21 20 22 27 22 20 24 
20 23 18 22 28 21 19 22 
19 23 18 22 28 22 20 20 
19 22 19 22 27 21 19 21 
19 21 17 21 28 20 20 22 
20 21 20 26 29 23 21 21 
19 24 29 28 27 24 21 23 
21 24 29 28 30 24 20 28 
22 24 29 28 32 25 20 26 
21 25 29 28 31 26 19 25 
19 25 30 24 29 24 21 25 
21 20 22 23 27 25 21 26 
20 19 21 27 24 26 21 25 
21 19 23 26 23 25 21 24 
23 19 23 28 27 30 27 25 
24 21 21 28 30 48 28 25 
25 21 22 27 45 92 38 24 
25 21 23 26 54 94 43 22 
29 24 23 32 87 149 78 95 
32 27 24 30 92 164 107 104 
37 41 24 32 99 171 125 111 
37 43 25 34 107 162 141 116 
47 44 27 37 111 171 164 159 
53 43 24 32 90 148 238 190 
52 48 25 32 85 141 236 188 
52 40 26 33 82 135 238 192 
56 41 24 33 90 150 266 208 
71 57 36 33 86 159 334 279 
66 59 36 33 84 142 290 247 
67 54 36 33 84 141 291 254 
69 64 38 34 85 154 396 257 
80 63 41 38 58 142 447 301 
71 52 30 35 51 122 392 222 
74 61 31 34 52 120 396 226 
75 67 35 37 50 110 394 223 
87 88 38 39 49 126 377 251 
75 89 34 35 52 125 309 190 
68 92 36 33 53 123 311 178 
66 86 37 36 54 127 305 192 
68 82 33 37 62 140 360 225 
49 53 28 30 55 119 295 196 
64 128 48 30 51 113 295 196 
81 150 76 33 50 117 311 200 
80 158 81 31 50 113 326 186 
80 164 84 33 46 117 307 200 
82 164 89 37 56 124 357 209 
78 123 83 37 55 126 364 209 
75 114 60 36 56 128 359 215 
79 112 53 37 62 147 374 215 
82 106 50 35 61 142 434 200 
92 120 80 34 55 145 451 196 
112 175 84 36 57 146 460 216 
114 185 87 36 57 149 472 211 
117 188 94 35 54 147 473 218 
120 193 94 35 64 177 481 226 
113 223 117 41 78 186 454 225 
92 195 119 42 79 190 465 208 
85 199 123 43 82 190 474 225 
97 287 145 45 81 242 647 238 
98 322 187 51 94 226 691 240 
104 314 163 51 90 236 768 249 
127 365 164 56 106 267 816 259 
128 366 168 60 108 295 874 255 
123 322 154 67 110 272 765 281 
118 411 114 64 92 279 737 265 
121 433 122 71 103 273 647 282 
110 389 167 85 104 270 708 308 
132 420 173 88 108 250 698 373 
161 435 171 88 114 260 746 390 
181 350 177 91 122 321 785 402 
202 329 180 87 115 383 892 503 
199 341 162 77 111 389 824 489 
226 367 168 72 110 392 782 461 
217 358 172 69 111 389 765 533 
208 374 168 67 115 342 758 605 
192 366 169 82 125 334 674 528 
202 355 143 80 137 354 643 565 
175 315 141 85 143 433 632 581 
167 298 137 92 148 437 581 493 
168 264 148 94 143 441 474 411 
207 275 168 86 134 425 524 454 
197 273 180 85 125 424 527 408 
191 230 165 79 123 358 521 476 
195 212 162 69 114 352 545 552 
189 194 151 71 136 361 567 551 
144 168 128 66 154 316 437 545 
146 203 190 63 164 329 447 593 
134 221 221 71 200 357 467 516 
128 257 225 84 232 458 539 428 
126 251 222 80 239 494 536 401 
129 250 248 77 234 510 548 417 
129 238 204 88 228 479 513 348 
123 236 193 84 200 447 500 327 
127 252 194 73 172 336 390 332 
142 257 198 73 148 308 357 344 
134 252 156 71 151 329 349 254 
138 255 203 55 143 327 336 243 
145 247 188 51 138 335 324 258 
148 310 203 52 132 334 301 282 
143 321 222 47 122 276 257 278 
144 327 236 48 109 227 242 281 
130 316 194 60 143 230 242 291 
126 307 188 60 141 221 220 275 
105 197 179 54 128 200 212 227 
104 165 165 67 133 230 197 205 
93 152 149 66 122 232 220 182 
105 164 142 57 99 231 284 157 
110 198 158 56 99 212 270 238 
116 189 146 59 102 217 270 243 
103 183 123 43 111 193 270 257 
112 180 112 44 125 168 244 255 
105 151 108 44 109 132 163 254 
105 105 79 43 110 145 145 203 
102 86 66 43 120 159 146 204 
103 81 60 43 126 171 148 185 
88 81 55 46 135 245 170 193 
87 75 53 43 139 262 213 205 
72 57 44 44 146 261 247 220 
60 53 40 41 137 255 250 251 
59 57 46 39 122 248 280 268 
75 53 43 38 99 184 276 283 
75 58 46 42 120 184 259 306 
78 65 60 48 107 176 247 379 
91 176 81 56 108 166 255 386 
93 183 90 60 110 153 223 416 
93 185 101 72 126 150 227 427 
98 193 139 71 102 130 215 424 
95 199 166 72 105 149 198 376 
92 141 185 67 102 151 194 440 
94 133 195 81 120 185 202 431 
86 134 202 74 116 186 187 434 
80 119 180 77 112 190 177 445 
86 108 159 76 108 179 175 432 
84 92 286 80 114 191 176 357 
124 124 339 69 118 196 191 369 
125 122 341 68 108 190 196 345 
125 123 344 66 112 181 186 311 
128 126 356 63 113 181 189 384 
140 109 253 59 118 185 189 402 
113 67 182 55 97 155 166 407 
118 66 187 60 94 156 145 421 
129 68 218 60 90 145 140 444 
131 60 203 59 96 142 162 430 
127 61 197 59 94 169 207 413 
185 66 192 67 84 160 210 445 
183 76 229 69 103 194 217 449 
185 82 214 71 101 194 226 469 
202 85 206 75 121 218 215 453 
198 82 216 79 122 201 180 472 
153 98 241 90 146 231 181 446 
175 97 216 95 161 221 184 511 
174 95 201 103 196 233 180 516 
155 104 206 103 192 241 206 500 
155 113 218 100 193 240 187 511 
155 101 204 89 200 235 194 557 
164 101 177 95 209 244 203 592 
169 105 178 90 186 239 204 600 
170 93 200 90 183 223 188 639 
186 89 184 93 187 224 196 626 
177 83 173 91 185 242 199 553 
149 74 185 79 161 249 197 450 
135 75 181 75 163 274 210 448 
145 75 150 76 177 287 223 376 
134 76 142 90 262 312 254 341 
135 74 128 95 259 301 262 384 
132 71 100 87 279 295 261 360 
146 57 96 96 312 325 326 366 
145 69 122 94 302 307 312 385 
137 72 131 81 231 276 289 423 
148 75 134 82 236 290 299 407 
153 76 138 89 215 272 296 512 
140 81 147 86 193 290 246 498 
171 84 129 87 193 298 246 549 
177 80 115 84 192 299 244 571 
174 82 106 83 251 325 218 563 
179 86 145 80 252 347 226 520 
178 80 134 76 238 288 197 508 
133 68 133 77 261 317 219 449 
123 62 138 74 254 316 210 402 
121 61 144 65 198 313 224 399 
110 52 98 72 218 305 252 326 
127 58 96 67 210 324 275 342 
128 55 92 68 196 314 278 381 
118 53 94 81 223 331 293 362 
112 50 77 79 211 297 291 377 
105 52 80 80 210 333 286 407 
97 48 81 85 208 319 268 413 
97 58 83 82 199 305 254 347 
108 58 82 73 166 279 235 380 
112 64 91 83 236 402 348 413 
122 69 101 78 245 396 357 426 
118 69 122 75 243 392 357 398 
112 63 139 76 249 396 365 399 
108 63 143 83 278 428 394 404 
131 57 136 79 226 318 303 425 
127 50 127 74 186 273 276 454 
118 48 109 71 194 282 269 436 
123 51 87 73 185 265 248 455 
151 56 59 63 146 223 214 459 
127 53 54 56 130 210 195 401 
138 55 55 58 135 215 185 375 
137 54 49 59 116 186 179 369 
136 50 41 51 104 181 182 346 
120 45 61 57 118 201 189 348 
126 53 67 57 124 186 198 355 
111 52 67 55 117 176 204 312 
130 54 81 58 117 175 207 363 
130 53 83 68 153 213 210 367 
112 50 77 62 140 218 211 361 
121 47 84 67 129 217 202 355 
119 46 101 67 122 215 186 368 
98 44 654 64 131 221 193 335 
99 49 666 53 91 204 207 412 
99 51 681 54 84 167 198 404 
77 44 690 44 88 175 196 406 
74 44 700 46 117 193 209 396 
72 47 293 53 125 208 212 397 
76 40 286 56 136 205 187 359 
75 37 397 56 134 201 170 378 
80 47 422 57 135 210 169 372 
90 71 445 65 111 190 171 408 
105 71 454 64 88 161 150 446 
97 75 446 61 59 132 158 458 
96 76 324 60 69 137 152 428 
101 73 281 64 59 91 128 430 
93 54 222 58 55 82 90 415 
75 61 172 54 56 84 84 384 
95 61 168 56 58 86 70 364 
96 62 183 62 58 86 81 391 
88 61 161 56 55 88 88 379 
96 56 151 53 62 112 96 382 
99 48 151 50 62 109 95 369 
92 58 144 49 63 106 89 359 
96 65 118 53 57 93 82 320 
107 68 110 57 62 96 84 434 
103 67 98 55 59 70 75 413 
103 67 77 57 63 84 80 399 
91 55 78 55 60 84 80 379 
86 46 110 46 54 76 78 401 
80 40 120 45 49 68 77 309 
68 40 128 43 45 68 81 308 
69 37 131 43 40 73 103 404 
73 37 124 50 47 87 114 440 
78 36 91 45 50 94 118 442 
88 38 71 43 54 101 148 448 
112 45 53 45 65 105 154 553 
110 50 43 43 66 95 146 509 
112 51 41 37 67 94 176 493 
110 50 37 37 67 97 188 474 
97 47 35 36 73 126 195 491 
80 39 37 33 65 133 252 411 
76 31 36 32 67 136 254 405 
71 29 38 31 79 142 237 408 
91 30 41 32 79 140 233 410 
93 31 44 32 72 116 237 394 
94 31 38 30 72 116 195 429 
95 32 38 30 70 116 196 432 
97 31 45 35 82 139 199 450 
87 31 50 34 80 139 197 471 
84 30 59 36 82 139 161 470 
77 30 70 36 81 130 128 395 
79 29 75 36 82 127 116 376 
80 31 75 30 54 85 100 373 
67 29 73 32 55 80 103 358 
65 28 66 29 48 73 105 327 
69 32 59 30 50 75 109 377 
69 34 52 33 62 82 112 406 
61 34 45 36 70 91 110 364 
69 35 43 34 69 98 88 336 
91 38 42 34 70 102 94 409 
87 35 38 36 69 99 92 354 
91 35 35 36 73 115 134 374 
93 35 33 31 68 112 142 381 
93 35 28 32 77 120 151 392 
83 38 29 33 76 118 150 329 
82 39 30 32 77 123 153 377 
73 37 30 30 64 104 117 334 
78 36 31 28 57 100 131 324 
