24 25 21 23 29 25 22 22 
19 23 22 23 28 27 19 22 
19 22 23 25 26 26 20 19 
19 26 24 24 27 25 20 19 
20 24 24 25 27 21 20 20 
19 24 22 25 26 23 19 18 
20 25 21 24 27 23 18 21 
20 25 21 22 28 24 19 23 
20 21 21 23 30 27 20 23 
20 20 20 23 28 30 19 22 
20 18 21 23 27 27 20 23 
20 20 21 23 27 26 22 21 
20 20 22 24 31 28 22 20 
22 22 22 26 31 25 21 20 
21 23 23 26 31 21 23 24 
21 25 24 27 35 24 23 25 
22 24 25 28 34 24 20 23 
21 25 24 28 29 22 20 23 
20 22 23 25 27 27 18 25 
21 21 21 24 27 28 17 20 
21 22 20 22 23 27 18 19 
21 21 19 22 29 32 18 22 
22 20 20 25 30 31 18 20 
23 20 22 27 29 28 19 20 
23 20 23 26 34 27 20 26 
21 18 23 28 34 29 18 29 
21 18 24 26 31 24 23 57 
22 18 24 24 34 35 49 65 
22 19 22 27 46 57 55 73 
25 19 21 28 50 70 59 78 
27 19 21 31 55 80 69 81 
30 20 19 33 60 84 73 68 
30 22 20 34 60 84 64 72 
36 21 21 35 86 117 76 173 
36 22 22 36 90 135 83 175 
35 23 22 34 91 141 80 183 
33 25 23 32 90 140 78 186 
33 25 22 33 103 161 78 186 
31 27 22 33 103 169 101 178 
37 30 22 31 100 163 114 192 
44 34 23 32 100 165 118 208 
48 34 23 35 104 172 123 208 
50 34 23 33 94 157 126 208 
51 32 25 41 106 175 166 156 
54 33 28 43 110 174 166 170 
48 27 29 41 109 167 167 162 
48 26 29 41 109 169 174 183 
48 25 30 44 123 185 221 197 
45 27 29 38 98 140 192 191 
42 23 26 34 90 129 187 174 
47 24 26 37 98 139 189 274 
48 35 25 36 93 129 193 280 
51 36 22 33 67 99 214 279 
54 36 24 29 57 95 215 281 
52 37 24 30 60 93 234 291 
48 37 25 28 42 73 250 205 
51 62 31 30 46 75 258 192 
54 80 33 29 47 87 284 213 
68 86 34 29 45 89 350 243 
82 99 35 30 48 107 397 265 
103 151 58 33 52 115 408 287 
105 144 59 32 47 120 488 299 
103 137 58 33 53 142 487 282 
94 134 58 33 54 146 481 274 
81 127 59 33 51 145 511 247 
106 193 60 30 48 145 531 209 
107 199 57 33 48 162 503 185 
107 202 59 38 40 146 522 225 
113 206 59 38 38 144 513 235 
125 223 63 41 48 161 490 281 
97 187 136 47 58 166 593 301 
96 184 144 48 60 180 629 331 
101 187 147 46 59 195 654 349 
112 229 149 51 72 229 700 339 
120 325 212 61 75 306 913 333 
118 320 197 61 74 341 886 354 
116 320 195 61 78 353 885 350 
117 350 223 62 81 373 899 314 
107 359 241 73 82 376 881 403 
87 282 201 67 78 334 699 388 
80 259 175 63 76 302 729 366 
105 399 261 66 80 294 729 421 
126 395 253 74 92 345 842 434 
148 458 288 84 107 391 884 407 
149 452 283 82 114 377 837 418 
153 470 296 87 121 389 852 416 
156 399 259 91 118 419 872 380 
139 379 247 85 120 360 702 376 
113 257 186 66 107 330 652 403 
115 246 181 69 124 405 767 422 
134 232 165 66 126 405 713 457 
129 200 126 71 128 394 706 454 
133 208 123 70 136 418 719 518 
135 246 127 78 170 414 699 465 
141 276 159 89 186 376 573 442 
139 280 185 100 242 443 593 516 
128 259 181 101 296 502 574 509 
130 280 197 111 296 488 541 456 
133 273 221 116 298 500 535 468 
133 246 213 117 305 505 519 469 
120 215 193 119 335 473 427 389 
126 213 195 114 311 418 375 417 
137 294 263 119 311 416 378 401 
142 287 259 117 298 381 357 379 
132 295 253 109 277 334 346 371 
125 300 249 99 179 281 312 319 
112 296 243 94 152 255 242 284 
105 245 151 75 135 236 243 288 
95 282 149 60 120 216 217 274 
95 277 139 52 104 216 222 290 
105 274 136 44 107 201 255 345 
106 272 121 48 112 162 258 318 
93 209 141 47 114 173 248 302 
88 167 149 45 109 170 243 323 
93 168 153 46 136 189 241 299 
77 163 159 59 146 208 206 220 
76 160 182 58 123 201 175 206 
74 156 166 60 126 198 209 269 
76 100 137 86 224 324 343 257 
68 72 131 87 218 318 357 256 
89 116 145 81 212 313 383 296 
106 180 138 80 221 314 398 445 
104 184 146 80 222 318 376 417 
111 195 144 86 139 187 300 427 
115 203 147 84 134 171 273 466 
108 196 143 83 129 159 235 514 
101 176 138 84 112 145 207 443 
106 181 134 92 153 171 215 456 
98 169 127 66 154 198 166 454 
110 201 126 67 150 196 170 448 
108 198 109 67 159 220 224 442 
103 192 116 79 159 234 221 435 
108 205 123 74 138 223 212 456 
145 247 137 77 135 220 206 471 
134 219 136 79 139 236 207 487 
136 217 131 78 126 213 130 449 
156 296 153 63 131 206 156 481 
156 289 142 55 107 205 165 452 
124 260 131 43 101 205 159 439 
144 261 131 37 103 209 171 440 
167 270 133 40 108 224 179 503 
151 171 73 37 106 228 162 447 
164 169 63 44 124 220 148 490 
173 188 123 49 125 201 159 497 
165 185 125 57 155 224 160 463 
142 161 125 59 166 225 164 399 
139 150 127 63 171 230 159 414 
137 173 132 66 174 236 192 475 
137 143 72 62 166 234 200 475 
128 140 63 56 143 207 224 484 
121 139 58 52 132 220 219 458 
118 128 50 50 136 260 229 439 
126 118 70 60 138 275 224 347 
121 124 134 70 144 297 227 359 
120 130 171 71 140 314 204 331 
125 132 174 71 140 311 203 366 
125 135 176 72 165 289 219 367 
102 98 168 58 153 263 198 365 
99 108 142 52 145 239 181 347 
108 122 127 67 151 233 183 380 
104 121 127 67 153 239 250 361 
111 121 129 73 139 301 299 422 
98 123 127 72 143 304 301 426 
106 122 109 77 191 335 310 428 
97 111 75 63 182 325 304 439 
105 125 81 65 188 344 272 477 
105 153 114 65 193 344 295 442 
106 154 120 65 190 349 302 422 
99 146 122 55 143 319 301 487 
95 144 119 55 141 311 300 466 
90 133 110 53 133 290 285 416 
88 99 68 46 108 199 175 391 
93 99 56 45 98 179 161 383 
87 130 49 47 119 177 145 287 
98 138 45 45 123 186 144 313 
102 141 43 42 118 145 134 302 
100 143 44 42 115 143 146 313 
97 162 101 43 121 161 161 317 
98 138 103 43 106 207 184 306 
101 164 154 47 110 211 175 298 
100 185 177 51 109 221 180 319 
107 210 190 49 115 232 198 306 
106 195 173 49 114 229 178 292 
107 196 174 49 115 217 164 310 
110 178 134 45 101 199 161 318 
106 158 105 38 96 202 164 325 
105 131 82 36 84 188 142 321 
107 127 66 34 80 188 158 336 
109 140 64 31 71 151 142 306 
91 129 59 31 77 164 147 246 
91 135 106 31 79 142 138 245 
81 130 106 33 88 166 132 247 
83 132 108 34 93 154 123 255 
76 108 106 35 94 157 130 296 
75 100 103 35 98 162 141 336 
69 82 52 38 101 176 162 313 
74 86 46 34 84 146 153 326 
74 91 41 36 91 152 160 310 
78 139 40 35 86 147 157 278 
89 166 41 35 78 138 155 238 
91 169 36 31 81 141 129 229 
89 165 40 34 102 165 160 218 
85 164 41 32 101 163 149 243 
77 129 44 32 105 174 167 249 
73 90 43 36 109 168 160 237 
76 126 47 35 102 151 160 270 
76 123 39 34 96 173 140 274 
74 124 39 33 93 193 155 272 
78 124 37 32 90 183 139 266 
77 154 39 30 82 179 130 261 
84 161 36 29 81 178 130 226 
81 160 37 45 136 176 158 238 
80 157 38 46 137 153 185 221 
75 164 38 47 137 158 191 215 
69 138 37 46 138 157 189 226 
66 95 36 48 137 162 190 259 
89 149 38 32 73 126 164 245 
96 156 39 30 58 117 135 265 
106 151 38 34 71 121 135 268 
107 152 40 48 131 184 164 255 
104 155 38 47 133 183 160 233 
95 128 38 47 132 173 163 277 
88 122 39 48 132 172 148 272 
83 114 38 44 133 167 136 291 
87 123 39 26 76 103 118 291 
83 116 39 26 71 98 121 304 
77 84 35 27 67 100 111 298 
79 83 33 25 67 97 104 263 
79 83 32 25 46 103 100 230 
73 62 28 31 55 110 85 233 
81 77 30 32 58 109 90 218 
75 79 31 34 57 103 90 165 
78 101 32 36 56 101 94 173 
74 106 32 36 57 93 97 211 
86 116 33 32 45 76 111 283 
81 107 33 31 45 76 110 280 
94 121 31 28 47 78 106 304 
92 118 28 30 60 128 124 305 
90 113 27 29 59 127 136 303 
76 105 26 29 57 125 123 241 
74 101 28 28 54 121 121 290 
74 91 30 28 50 121 160 286 
77 78 31 30 44 75 165 277 
80 79 31 30 47 77 158 292 
81 79 30 31 48 86 182 348 
77 76 27 32 49 86 184 340 
61 65 24 31 50 85 182 342 
52 57 24 29 51 102 170 348 
51 58 26 34 67 122 168 354 
58 57 27 34 72 122 151 343 
57 56 25 35 75 128 153 313 
69 53 26 35 76 129 131 314 
73 56 28 34 76 134 139 331 
71 53 28 33 68 126 144 294 
73 52 29 33 63 120 139 250 
78 56 30 30 60 114 135 254 
72 56 29 33 77 127 128 227 
71 67 28 30 71 125 127 195 
75 73 29 26 67 130 184 230 
73 73 28 29 68 131 184 253 
67 71 30 30 67 135 185 249 
65 71 29 29 53 135 195 268 
66 55 30 31 50 123 206 296 
71 54 31 32 47 106 184 318 
67 51 31 27 44 105 185 332 
66 51 30 29 51 108 181 330 
65 52 31 28 43 90 178 325 
63 45 28 28 46 84 195 331 
63 52 26 27 46 78 168 291 
62 56 24 29 46 82 166 285 
68 56 22 28 41 89 220 283 
68 54 24 29 41 94 227 268 
66 53 25 29 38 92 193 276 
70 74 29 28 36 92 213 296 
72 76 34 29 42 89 214 268 
66 77 36 27 46 100 168 265 
64 78 34 25 47 95 145 259 
63 79 33 25 46 95 161 250 
53 50 31 27 49 106 158 301 
56 43 26 26 44 110 154 314 
56 53 24 25 39 88 149 313 
57 54 27 27 39 86 149 325 
55 55 27 25 40 77 140 298 
55 53 24 23 37 73 123 230 
49 52 26 25 40 80 161 201 
54 53 29 25 42 78 168 220 
58 54 29 25 42 84 175 209 
54 52 32 25 42 85 168 217 
49 50 31 26 41 75 167 206 
57 51 30 24 41 69 164 233 
62 56 28 24 43 97 210 223 
56 56 26 24 42 94 206 238 
60 57 24 24 41 94 215 223 
63 62 24 23 40 97 205 212 
57 64 27 26 39 104 195 207 
70 66 30 26 37 83 141 211 
72 65 32 24 43 85 146 202 
71 69 32 24 43 87 136 210 
74 65 31 25 43 85 145 208 
74 64 30 27 48 85 132 181 
73 64 31 26 43 80 144 201 
74 63 30 26 39 75 134 216 
73 59 30 27 40 75 133 208 
