32 39 27 29 37 24 20 17 
35 44 29 28 38 24 19 18 
38 46 28 29 37 30 20 19 
31 42 28 29 36 33 20 20 
69 61 28 29 39 36 19 20 
72 60 29 27 36 35 19 23 
76 60 28 28 33 35 20 22 
77 59 25 28 34 30 20 21 
78 62 26 27 33 27 25 21 
48 42 27 27 30 23 24 23 
59 43 26 26 28 25 27 21 
54 44 24 25 29 24 25 21 
51 62 25 24 34 26 25 22 
51 79 26 26 34 27 20 21 
51 82 27 27 32 25 22 19 
61 107 30 28 37 28 18 19 
67 117 33 30 40 30 20 20 
68 110 34 29 33 28 22 20 
68 99 33 29 35 27 22 24 
69 99 32 29 36 29 20 26 
46 71 29 27 31 26 20 26 
38 55 27 26 29 25 22 24 
37 54 25 26 31 27 23 26 
39 76 27 25 29 27 24 23 
66 90 29 23 30 26 25 41 
70 89 30 26 33 29 31 93 
69 87 28 25 33 28 31 97 
70 83 28 25 33 30 33 98 
69 62 29 32 74 90 56 102 
44 35 28 37 80 117 80 125 
51 50 28 39 80 121 97 302 
51 52 29 40 81 125 132 314 
50 56 34 56 132 180 166 321 
51 57 36 67 163 214 192 335 
53 58 37 66 164 212 190 329 
48 46 36 64 168 213 198 193 
46 43 37 69 171 215 209 177 
50 39 37 65 173 232 216 208 
52 37 32 50 138 197 221 198 
60 42 32 49 134 191 225 214 
71 55 33 48 130 195 240 221 
84 59 40 41 126 194 222 233 
84 60 37 27 68 115 205 218 
81 60 37 24 44 95 197 212 
82 61 40 27 50 104 216 233 
79 70 41 27 47 93 198 212 
69 70 33 25 49 98 221 200 
72 69 32 26 49 105 211 195 
78 78 33 28 52 111 260 257 
71 80 26 29 54 120 313 230 
61 65 22 28 63 153 330 232 
62 75 21 28 61 149 321 231 
64 102 25 27 60 149 377 247 
68 119 32 26 59 167 462 189 
90 141 36 24 54 159 463 205 
92 146 39 25 42 130 456 220 
94 143 39 30 47 139 482 232 
100 137 56 35 52 155 546 230 
100 136 52 35 54 153 473 259 
99 136 52 37 54 151 437 258 
103 133 52 37 54 153 452 248 
110 152 59 38 60 166 511 263 
102 155 98 38 58 171 504 293 
98 145 102 39 54 156 541 276 
86 128 105 37 50 161 550 264 
84 203 118 38 55 212 684 311 
89 243 134 41 65 247 678 311 
97 247 105 42 73 247 617 264 
99 249 102 44 77 244 569 253 
102 248 101 48 82 263 614 282 
106 211 126 57 89 320 623 262 
101 196 143 66 83 354 610 258 
107 229 195 63 74 359 696 289 
106 237 197 63 73 362 738 297 
114 301 250 85 94 381 736 347 
144 301 234 80 94 323 638 468 
162 317 240 73 88 278 729 469 
162 305 207 79 92 274 775 537 
164 308 211 89 156 343 786 606 
159 251 143 70 145 355 779 622 
145 275 177 77 152 345 779 538 
129 263 171 89 161 321 688 569 
129 245 167 87 167 334 569 595 
133 230 163 90 170 335 574 579 
134 240 167 94 184 318 573 607 
118 238 170 91 177 340 581 620 
123 247 149 86 176 381 560 597 
138 247 146 87 177 381 534 613 
145 266 147 83 162 414 509 573 
150 290 152 83 151 407 481 514 
158 352 151 80 150 396 417 482 
165 346 145 73 144 362 394 538 
161 346 146 71 139 347 391 480 
156 339 146 64 123 319 337 476 
147 312 146 51 120 300 319 436 
143 244 131 53 122 292 322 500 
144 225 137 48 132 301 327 461 
127 223 133 49 141 305 317 405 
127 222 134 53 130 222 325 414 
145 232 124 57 130 219 321 430 
140 181 87 53 131 214 303 369 
123 151 69 54 124 203 318 370 
127 151 87 52 109 187 315 375 
134 161 104 48 100 173 298 358 
119 140 114 47 108 194 305 390 
117 140 138 50 102 194 302 385 
113 169 148 51 95 187 307 357 
109 179 148 54 94 190 288 338 
94 153 141 61 123 239 272 345 
87 151 166 70 141 213 244 302 
86 171 154 73 142 205 245 296 
78 140 166 72 141 200 215 315 
70 124 160 74 147 210 222 358 
62 122 154 68 118 149 228 371 
75 134 153 61 88 185 230 378 
79 115 148 59 87 201 249 384 
79 111 144 61 105 226 251 349 
80 107 187 81 147 261 263 283 
91 123 292 105 157 304 246 259 
133 106 307 108 163 286 250 298 
130 95 324 160 245 375 320 273 
135 124 413 172 248 391 304 318 
151 139 483 183 246 392 316 400 
158 129 450 189 244 375 338 442 
121 139 450 192 250 390 360 400 
144 170 472 159 223 374 352 409 
190 156 396 183 335 472 494 403 
186 143 284 171 390 542 543 345 
178 149 299 154 390 534 526 346 
183 145 309 149 388 532 513 416 
170 107 262 145 387 508 509 446 
120 95 274 94 305 421 400 438 
138 161 312 85 210 292 319 486 
184 204 302 80 203 281 349 481 
191 216 267 84 202 284 337 446 
206 223 293 96 156 249 310 477 
220 228 295 103 126 206 288 522 
209 190 262 102 119 201 286 472 
174 134 231 118 137 210 244 433 
178 113 272 123 122 205 263 487 
166 100 237 114 126 211 225 448 
189 110 350 140 166 293 262 401 
221 118 428 142 173 313 253 459 
217 121 429 135 179 321 274 531 
230 112 421 132 181 319 274 510 
240 118 443 147 182 318 280 554 
213 101 367 122 151 246 230 559 
174 82 265 116 150 254 233 505 
177 76 260 108 126 253 247 432 
164 81 264 110 142 239 231 422 
140 71 239 91 125 220 216 321 
150 63 201 97 123 223 256 395 
160 66 209 96 131 212 255 399 
155 67 291 98 138 194 227 397 
132 68 259 108 146 269 262 359 
137 77 248 98 159 283 282 422 
156 84 266 91 162 294 241 367 
166 88 280 90 155 313 253 403 
168 93 191 95 185 326 259 422 
175 92 190 80 197 302 258 448 
177 82 194 79 190 322 274 458 
149 78 190 92 218 389 356 426 
149 76 177 94 232 397 358 417 
158 65 175 91 215 402 361 450 
152 57 168 85 212 445 377 474 
145 54 163 92 227 455 377 433 
150 60 203 86 204 409 322 459 
131 66 224 83 191 387 322 478 
186 75 225 78 204 409 367 496 
205 80 239 80 186 359 344 469 
204 82 241 77 192 363 330 457 
194 81 243 87 211 382 339 450 
191 82 248 99 216 406 367 422 
144 77 259 100 210 407 330 378 
118 71 242 98 215 404 317 376 
151 77 271 94 193 369 310 385 
158 75 245 76 170 350 290 383 
166 68 221 66 160 328 298 403 
157 65 209 69 173 309 301 399 
165 66 214 71 162 309 311 395 
140 57 195 73 158 309 317 382 
136 48 191 72 145 275 305 369 
123 46 204 71 159 285 279 358 
119 44 206 76 165 319 325 355 
107 48 202 81 188 348 359 345 
100 50 172 82 202 379 360 360 
101 55 167 80 206 387 378 345 
108 56 156 86 198 373 386 317 
99 61 168 88 201 346 372 289 
95 59 176 87 204 315 327 278 
105 60 185 87 195 277 313 264 
101 58 175 99 195 269 297 269 
118 64 231 124 213 299 299 281 
135 64 226 125 183 295 288 322 
137 62 230 125 156 275 278 297 
130 62 232 128 183 351 278 287 
140 69 244 124 204 402 318 299 
147 60 177 97 194 399 292 297 
141 56 162 86 192 395 280 232 
136 53 145 81 192 396 293 227 
138 51 129 71 160 340 290 227 
126 43 93 60 148 315 286 215 
107 43 77 57 202 396 378 212 
97 43 71 57 203 386 371 247 
97 45 77 63 199 380 363 245 
113 50 79 82 230 390 385 257 
134 54 78 86 233 365 374 251 
129 51 68 78 171 249 300 249 
131 51 71 80 168 237 284 241 
133 50 72 87 171 249 308 242 
117 45 72 78 138 238 308 248 
105 37 61 85 143 272 299 293 
116 39 69 86 154 271 287 273 
117 36 68 84 150 276 288 259 
120 37 78 73 143 263 263 256 
117 38 71 65 141 258 273 245 
102 37 69 49 119 221 287 219 
86 36 66 46 101 203 261 211 
85 37 68 46 98 206 255 242 
86 35 49 44 103 217 265 251 
84 33 50 42 99 199 224 238 
102 35 53 45 86 178 177 208 
96 36 53 45 88 183 189 261 
93 37 54 52 121 189 196 229 
83 34 53 50 120 182 198 218 
87 34 58 50 114 166 186 219 
77 37 58 46 110 163 177 345 
86 35 52 48 116 175 174 318 
89 33 53 54 111 187 216 348 
102 74 51 56 108 181 213 354 
107 98 49 63 115 189 223 388 
103 101 67 65 118 204 228 285 
107 106 80 63 107 180 215 279 
104 111 81 51 75 139 170 236 
98 92 80 54 98 168 152 235 
95 81 78 45 90 157 138 209 
90 77 64 43 85 142 127 193 
89 84 47 43 90 164 147 201 
86 82 49 42 95 186 180 247 
84 100 54 33 66 150 179 263 
79 121 52 31 63 148 177 243 
87 149 51 28 61 139 181 311 
80 142 55 25 51 108 161 314 
82 142 45 22 33 81 106 284 
79 131 39 24 41 89 110 282 
84 118 46 27 42 90 106 293 
79 100 43 29 44 87 104 259 
76 105 36 29 43 85 107 243 
71 103 35 27 45 67 113 250 
70 100 35 27 41 54 114 278 
59 81 28 26 40 83 124 264 
81 53 23 28 40 93 124 249 
78 41 25 28 43 100 122 257 
78 44 27 27 41 97 133 327 
79 44 29 27 37 97 147 329 
81 42 27 25 32 75 140 370 
71 41 28 22 31 68 142 369 
70 39 26 22 29 55 160 372 
76 33 25 24 30 53 150 357 
80 34 22 25 32 54 128 329 
81 34 23 25 32 50 126 313 
68 31 23 23 33 59 141 343 
69 31 22 24 39 95 125 335 
63 30 22 26 41 108 137 292 
56 28 23 25 42 112 138 295 
56 29 21 28 43 120 165 265 
60 32 23 29 43 128 164 252 
57 32 23 27 41 114 176 277 
58 32 23 30 56 122 192 310 
62 35 22 30 58 122 199 302 
81 41 23 30 59 117 187 310 
78 39 23 30 59 100 169 302 
84 42 24 31 57 97 165 311 
82 42 24 27 40 86 162 270 
78 41 25 29 41 85 158 379 
56 33 24 27 39 84 148 378 
57 33 25 28 41 95 158 375 
53 29 24 26 39 92 177 368 
51 28 24 25 38 82 166 393 
55 27 24 27 37 80 165 316 
61 26 24 25 37 83 189 309 
60 25 22 26 39 80 185 285 
60 26 24 26 40 77 157 290 
59 25 22 27 39 75 134 283 
57 27 24 25 37 71 132 260 
49 26 24 26 42 69 116 289 
55 26 24 23 36 60 112 299 
58 27 24 23 35 55 121 309 
62 28 24 26 36 52 125 288 
63 28 24 23 35 70 125 286 
73 32 25 24 32 71 124 308 
