36 27 23 29 49 28 22 22 
42 28 23 32 50 24 22 24 
42 29 24 32 49 27 23 26 
43 28 22 32 50 29 25 25 
40 24 23 35 48 32 23 24 
33 22 23 34 45 31 22 23 
44 24 22 31 41 29 25 23 
50 23 23 32 43 30 28 20 
53 23 24 31 44 28 28 20 
53 27 25 28 44 32 29 23 
53 26 25 26 44 33 32 27 
41 26 25 28 44 51 44 31 
36 27 28 34 46 61 44 36 
36 28 28 36 55 72 54 139 
39 28 34 41 93 133 80 147 
45 29 35 42 100 162 84 172 
47 40 38 47 127 191 107 190 
68 73 49 54 161 266 172 210 
74 80 50 54 169 276 190 309 
75 80 44 54 159 261 199 339 
74 81 47 55 157 249 214 340 
77 77 45 51 139 230 217 349 
60 48 29 39 113 154 193 350 
60 53 51 38 97 133 266 267 
97 96 100 39 89 122 364 266 
101 100 102 38 84 116 371 261 
101 100 105 36 94 119 398 250 
110 102 107 37 82 110 426 321 
108 97 100 36 79 110 417 330 
88 76 80 39 80 169 446 333 
87 99 95 48 85 184 549 387 
89 101 95 51 75 186 573 424 
91 105 98 56 70 185 645 429 
102 127 100 60 74 218 712 458 
97 141 82 58 78 220 833 462 
100 136 72 52 75 213 776 423 
97 156 100 52 73 227 828 408 
97 156 97 48 71 239 835 395 
87 157 106 60 92 222 773 364 
87 142 105 63 88 185 681 351 
92 155 138 66 92 213 763 350 
104 163 130 63 91 232 747 384 
103 203 134 63 100 233 682 356 
109 212 137 56 97 302 765 334 
121 259 204 59 103 372 734 321 
125 274 191 55 101 379 725 326 
139 275 209 71 104 372 679 283 
134 259 235 76 96 404 799 305 
133 245 230 74 83 362 729 303 
142 228 197 76 80 325 686 381 
160 218 211 78 84 306 608 385 
154 273 217 68 81 330 716 425 
164 280 198 67 100 319 593 428 
259 295 228 87 120 444 709 482 
258 281 217 92 148 479 727 467 
251 292 203 101 166 516 771 492 
259 258 189 123 179 529 759 482 
259 265 189 124 185 547 753 450 
192 278 159 110 175 464 689 422 
206 289 170 107 155 439 694 437 
202 280 193 99 142 388 703 459 
189 290 184 79 155 442 721 475 
183 269 171 74 144 405 716 490 
153 272 179 75 145 391 686 519 
141 263 166 71 173 378 672 502 
133 261 131 81 202 454 648 457 
127 286 160 73 187 377 495 541 
153 296 166 78 186 368 482 639 
154 278 165 83 193 394 477 611 
132 272 159 99 296 408 469 605 
146 266 164 103 346 372 454 674 
154 205 148 107 349 357 487 615 
141 200 144 113 362 358 466 512 
149 187 131 111 356 318 434 501 
147 175 128 92 266 315 412 524 
133 158 126 81 169 259 387 431 
125 135 134 92 206 245 324 386 
117 137 202 87 201 253 341 373 
120 164 217 97 207 251 326 407 
121 162 219 103 213 220 301 361 
128 177 245 108 210 228 246 382 
145 192 241 95 163 226 232 352 
144 180 190 102 166 270 272 375 
132 145 174 96 166 306 266 363 
142 173 184 109 149 278 244 336 
153 245 171 103 165 275 232 318 
129 230 171 103 172 287 233 335 
140 256 181 94 152 240 220 315 
152 325 239 97 154 201 227 264 
158 336 238 88 238 211 242 329 
154 310 224 116 341 222 279 368 
159 315 228 129 441 266 327 401 
144 302 220 126 440 265 330 402 
138 252 160 132 473 306 449 451 
136 291 154 149 514 325 534 442 
134 266 155 128 453 324 523 459 
134 303 134 116 372 278 535 466 
150 305 131 116 374 277 545 536 
144 302 148 104 343 227 492 524 
153 276 183 71 210 189 440 578 
149 292 210 86 242 161 443 573 
145 271 234 110 268 173 486 536 
152 273 255 115 284 160 490 480 
162 265 240 116 265 162 455 456 
145 258 239 121 266 163 413 405 
148 244 235 116 231 193 423 360 
163 235 208 92 191 185 344 381 
153 239 185 89 168 222 293 354 
153 230 183 88 172 221 294 429 
157 187 159 91 176 251 287 385 
169 178 118 85 168 248 263 419 
173 165 124 84 136 246 238 464 
163 139 115 78 112 214 281 492 
167 156 115 77 121 211 264 432 
155 157 117 61 133 196 281 445 
140 163 108 59 140 176 304 437 
158 154 99 59 140 198 326 402 
163 146 112 60 149 201 292 370 
159 122 119 59 139 194 302 412 
173 114 98 47 122 184 327 391 
171 91 101 46 115 187 313 354 
136 85 98 42 144 163 268 306 
135 86 82 59 152 196 384 316 
120 87 70 59 160 206 390 251 
108 87 66 59 156 194 366 295 
109 89 84 63 164 191 368 342 
108 91 108 69 153 191 382 383 
102 95 110 56 136 148 266 427 
103 98 107 54 129 146 274 438 
98 92 108 64 159 187 317 426 
101 89 93 59 156 216 321 389 
120 89 63 58 139 217 319 389 
146 78 65 62 150 219 335 337 
151 71 89 62 148 229 320 317 
153 75 96 60 113 200 262 309 
146 70 94 61 107 198 249 307 
144 99 93 56 104 192 235 269 
122 106 89 63 107 200 248 260 
113 104 63 67 118 197 245 265 
111 105 48 67 134 202 326 233 
113 111 63 69 143 191 332 216 
98 89 62 66 141 184 339 244 
90 84 77 67 143 190 323 228 
91 84 76 64 143 192 334 226 
91 91 104 62 131 198 307 258 
83 81 97 59 120 187 329 261 
80 85 97 66 143 208 341 231 
78 86 84 59 134 200 320 273 
87 86 88 55 122 188 298 274 
100 87 72 51 117 182 294 311 
109 91 74 59 121 180 295 314 
106 79 74 53 117 186 334 312 
111 75 73 50 115 191 359 291 
106 76 68 52 113 187 369 316 
99 80 87 59 110 179 333 268 
93 89 90 51 115 196 358 271 
102 88 92 50 97 191 308 273 
94 92 93 50 91 177 275 284 
90 100 93 47 98 176 274 245 
95 99 62 38 95 177 295 237 
111 100 54 37 84 155 237 242 
103 98 48 37 89 147 237 248 
105 97 51 39 89 153 241 245 
109 94 49 43 89 174 289 242 
101 95 48 43 94 178 279 241 
86 85 67 47 103 184 266 223 
88 90 70 48 92 172 265 222 
86 92 80 45 93 170 288 197 
80 81 84 44 98 156 245 203 
81 74 80 41 96 148 241 207 
78 71 63 42 100 158 327 263 
75 68 61 41 110 164 337 245 
77 74 43 45 106 151 310 243 
78 79 38 44 99 150 366 262 
73 71 37 45 100 180 439 307 
68 71 39 42 83 164 385 256 
81 75 39 39 71 167 376 265 
77 59 37 39 69 173 396 289 
84 61 37 43 80 175 357 271 
83 64 37 52 114 196 262 222 
83 59 37 51 114 191 244 221 
70 53 39 53 114 180 242 204 
75 56 49 54 127 182 245 178 
67 57 49 59 132 197 220 169 
80 63 54 52 103 143 205 190 
82 70 53 57 105 144 209 200 
81 70 51 60 107 147 226 199 
82 73 40 56 92 161 211 212 
91 84 41 53 88 155 204 236 
78 82 36 57 105 179 219 212 
76 124 45 55 103 179 210 210 
101 160 53 51 98 175 177 235 
101 168 54 51 98 153 142 239 
97 165 52 45 85 129 126 217 
100 169 52 37 62 87 88 222 
102 145 43 33 61 129 110 275 
89 106 33 32 59 131 109 265 
84 90 30 31 58 131 105 241 
90 107 29 30 46 124 109 255 
98 106 35 32 47 131 115 276 
114 102 45 30 41 82 93 237 
112 109 45 30 48 88 92 265 
113 113 46 33 50 95 99 275 
107 92 51 30 50 93 88 264 
97 87 46 28 48 82 77 240 
92 119 37 30 49 79 70 251 
88 114 36 31 41 69 69 225 
86 110 34 26 43 77 66 210 
81 108 31 26 47 108 72 202 
85 112 34 29 46 107 72 239 
77 92 36 29 49 115 79 265 
74 88 36 28 49 116 90 261 
83 87 37 31 45 107 88 305 
82 85 35 33 45 81 92 327 
76 72 34 36 47 82 106 327 
68 38 32 35 53 83 100 284 
74 34 30 36 58 83 94 289 
66 31 31 34 57 83 92 265 
65 32 30 33 54 82 109 285 
71 31 26 27 53 84 131 303 
60 29 25 25 48 81 137 310 
51 28 28 25 48 98 144 297 
52 28 29 27 51 101 183 303 
60 30 29 26 51 106 206 327 
56 28 29 29 59 127 270 292 
63 31 27 31 63 125 275 300 
63 30 26 34 91 145 272 306 
63 31 26 35 92 160 319 318 
60 27 25 35 92 164 374 277 
61 30 25 32 89 148 336 265 
61 28 28 33 85 149 333 257 
63 28 27 32 53 118 339 260 
64 26 24 29 51 105 287 221 
66 27 26 31 53 107 190 244 
64 25 29 32 52 109 168 258 
60 24 28 30 54 105 172 260 
60 23 28 28 51 101 170 283 
66 23 27 30 53 103 177 336 
59 21 27 29 56 98 199 335 
59 23 25 30 61 108 203 319 
64 22 24 31 64 113 215 363 
61 24 24 30 64 115 209 349 
46 24 24 27 68 116 255 294 
52 26 24 27 65 105 238 259 
49 26 23 27 60 97 239 283 
44 30 25 30 67 118 241 232 
45 30 25 31 65 125 270 224 
49 32 26 32 66 118 213 272 
48 31 27 32 65 123 208 287 
52 31 27 31 70 128 212 273 
51 29 25 26 56 106 207 300 
58 27 26 27 59 99 190 323 
60 28 28 27 54 99 196 290 
57 29 25 25 64 105 193 265 
52 29 27 29 60 105 185 319 
52 28 25 29 74 106 178 287 
48 28 25 32 75 111 161 272 
44 24 22 31 73 106 147 283 
52 25 23 32 67 111 152 301 
53 24 23 30 65 98 144 239 
59 23 24 31 53 97 135 230 
57 24 24 27 49 96 151 218 
61 24 24 27 47 98 150 259 
