28 24 30 31 43 51 34 30 
26 23 30 32 44 53 33 31 
26 23 34 35 43 50 31 26 
25 21 30 35 38 48 31 25 
23 21 31 37 40 45 34 23 
22 22 31 39 51 40 35 20 
26 25 30 41 53 40 32 19 
24 25 31 44 64 42 27 21 
23 25 32 43 63 39 29 24 
26 25 30 44 66 40 32 25 
27 24 28 43 60 51 31 27 
26 22 26 42 57 51 35 28 
27 23 25 41 50 53 39 28 
28 24 25 41 51 57 42 25 
27 24 27 37 43 56 37 24 
26 24 30 41 41 46 41 21 
24 24 34 40 45 53 41 20 
25 22 32 37 44 52 36 22 
25 24 33 47 46 53 33 24 
25 23 32 51 47 57 36 24 
23 24 29 48 49 60 40 24 
23 24 28 47 50 55 38 27 
22 22 26 45 49 52 41 26 
22 22 26 41 64 62 48 27 
21 23 26 35 64 58 49 28 
20 21 28 35 61 57 44 29 
20 22 26 36 61 56 47 27 
21 25 27 36 66 81 58 30 
20 24 26 31 69 82 56 30 
20 24 27 34 73 85 57 33 
22 26 27 39 79 100 75 72 
25 27 32 44 99 138 90 76 
24 24 33 45 96 127 83 77 
26 24 34 46 83 125 80 77 
29 24 34 45 86 145 88 103 
34 29 35 49 117 209 114 110 
32 30 34 53 121 229 136 114 
33 31 33 52 127 238 145 119 
43 42 32 54 127 237 156 140 
44 45 30 53 134 237 161 128 
47 46 29 53 153 208 157 195 
50 46 32 47 148 192 222 239 
75 180 76 49 147 225 333 258 
77 192 86 57 149 242 376 262 
77 193 88 57 138 234 375 270 
75 196 89 51 84 212 387 229 
78 201 87 49 66 189 362 212 
78 149 106 61 81 159 335 279 
72 145 102 53 84 142 339 301 
72 147 105 54 85 147 341 299 
91 165 107 62 95 172 485 309 
107 214 127 64 98 191 548 346 
96 193 93 53 80 180 540 293 
103 200 92 53 73 178 529 266 
110 202 88 51 72 179 559 295 
101 193 88 42 69 150 464 293 
100 200 105 41 61 151 431 300 
109 222 103 52 79 149 416 296 
104 211 106 53 83 149 415 298 
116 241 108 54 82 147 423 277 
122 246 111 55 73 167 456 287 
109 206 85 55 87 155 471 227 
100 194 99 48 74 152 501 225 
98 192 95 49 79 169 575 320 
106 205 100 55 98 198 604 347 
107 212 106 61 102 191 582 344 
107 235 109 59 94 186 554 341 
114 229 96 57 92 217 573 385 
138 239 98 54 94 232 719 547 
122 202 93 49 89 248 783 554 
158 236 106 48 85 245 775 561 
167 233 102 56 81 274 824 590 
165 245 102 56 83 269 842 611 
151 244 100 65 79 254 673 456 
150 243 105 64 66 231 561 431 
119 242 119 75 67 252 620 423 
112 254 114 80 67 227 626 389 
115 249 116 78 62 201 572 366 
107 249 117 71 53 204 617 311 
112 261 154 74 54 190 623 314 
134 262 143 56 48 163 611 328 
139 232 142 43 51 150 595 332 
136 221 140 52 85 164 601 288 
138 222 140 52 83 157 551 319 
144 228 148 50 82 151 538 311 
115 190 151 55 84 161 549 305 
102 187 155 59 97 191 513 297 
100 181 157 58 86 200 513 310 
100 199 179 60 88 201 503 301 
93 225 150 58 88 220 510 295 
85 214 137 61 95 237 458 287 
88 209 132 59 100 277 427 422 
94 211 131 55 104 274 385 412 
109 241 111 53 109 279 372 406 
112 224 109 64 117 304 450 437 
126 229 101 63 116 312 445 535 
123 231 98 67 114 319 417 445 
120 233 97 66 100 311 446 493 
108 188 88 68 95 310 469 489 
97 154 73 66 98 297 385 499 
94 143 74 76 162 330 360 430 
111 136 72 72 156 288 376 445 
114 133 93 75 161 285 344 379 
121 159 107 74 162 282 303 417 
125 155 103 71 163 265 300 379 
136 170 104 59 127 260 301 359 
136 199 128 62 134 274 285 376 
140 248 121 61 127 281 270 377 
136 220 103 63 134 290 291 326 
141 219 104 61 143 305 276 341 
120 207 101 56 119 242 250 316 
102 181 75 56 116 223 237 250 
91 101 88 56 116 216 243 236 
103 122 91 59 144 253 236 264 
89 120 93 56 138 238 218 275 
85 121 93 57 142 245 200 253 
98 120 103 58 135 231 203 241 
102 121 105 54 134 244 215 268 
85 107 105 50 97 193 203 257 
85 98 106 48 75 175 195 241 
87 135 114 50 75 154 196 237 
73 133 101 48 95 166 193 261 
65 131 75 51 100 164 193 238 
59 133 89 56 106 152 171 264 
67 135 86 57 112 148 179 257 
65 92 78 59 124 204 199 259 
77 99 89 65 155 294 245 233 
105 110 95 63 158 317 239 230 
106 101 79 71 188 347 253 178 
108 95 77 79 209 412 419 166 
114 105 74 78 213 408 438 245 
120 210 83 76 186 351 414 274 
108 220 83 76 188 341 464 288 
111 220 80 61 158 336 473 372 
106 234 79 51 135 252 352 397 
141 245 139 49 124 229 328 552 
148 163 130 42 138 248 337 585 
144 141 128 49 148 226 265 618 
151 152 129 50 148 189 242 630 
162 151 131 57 149 217 243 623 
141 145 67 55 140 215 231 479 
121 149 60 54 128 185 227 465 
132 156 54 55 111 209 236 466 
127 141 50 57 112 210 234 421 
141 133 56 59 117 200 218 440 
174 119 90 68 116 198 220 431 
213 115 98 80 141 229 215 440 
234 118 98 77 145 212 190 463 
239 122 99 81 158 231 197 445 
229 112 97 86 160 244 192 440 
207 109 75 85 170 240 203 493 
198 113 65 78 152 219 212 473 
195 104 68 83 169 222 248 463 
185 100 68 89 177 256 250 464 
207 95 65 79 170 235 237 505 
202 90 54 89 169 255 233 471 
192 79 56 90 167 248 228 478 
173 81 60 84 154 254 201 446 
186 87 72 79 156 228 252 475 
154 87 75 85 181 287 295 428 
157 89 73 69 178 302 303 397 
147 89 72 67 185 309 303 406 
138 80 66 73 202 310 349 407 
134 77 59 66 186 303 324 372 
155 82 56 60 162 264 291 433 
148 84 58 70 175 248 286 469 
152 93 58 75 175 261 297 466 
155 93 59 77 153 254 238 473 
161 100 57 79 147 240 310 499 
153 99 61 78 151 247 358 424 
170 95 65 77 138 265 374 423 
199 84 63 72 135 272 379 388 
203 94 65 66 128 271 380 356 
192 92 63 63 135 271 310 330 
192 84 58 65 127 264 258 330 
182 84 47 55 125 233 228 277 
137 87 47 53 138 219 210 294 
124 76 42 51 136 220 250 278 
130 69 41 54 131 219 261 264 
123 70 41 50 135 198 249 256 
109 67 41 51 127 195 263 279 
108 57 41 59 129 224 315 272 
146 67 41 58 128 234 291 276 
143 68 41 58 141 240 310 246 
147 80 40 61 139 248 343 238 
151 81 45 65 162 258 338 221 
158 88 45 61 138 214 275 243 
137 82 44 60 142 225 254 260 
128 78 44 57 129 231 210 263 
126 71 44 57 125 218 193 284 
116 69 43 53 99 210 192 269 
118 62 45 64 121 278 261 264 
100 56 46 64 119 256 279 307 
105 65 51 63 117 246 293 335 
96 59 48 64 120 275 276 355 
107 59 46 64 114 267 278 357 
95 58 41 50 102 207 260 354 
104 62 41 62 120 214 269 296 
101 53 38 68 124 211 279 289 
96 53 40 63 123 185 280 250 
95 59 41 66 134 209 294 275 
93 64 43 66 139 200 278 255 
113 60 40 57 120 187 259 265 
118 59 39 52 129 203 253 240 
121 60 40 63 158 231 288 271 
127 57 37 62 170 228 295 308 
127 51 36 64 163 225 296 296 
106 54 43 67 187 241 313 291 
101 52 41 65 175 230 305 294 
95 49 37 54 145 185 272 285 
97 67 42 55 118 155 242 216 
94 68 44 55 121 158 237 225 
89 64 39 53 90 148 252 273 
90 68 39 55 89 131 255 275 
96 73 44 56 94 140 248 270 
104 53 39 54 96 150 262 275 
104 47 34 48 99 166 267 267 
107 52 36 44 92 156 260 223 
110 47 36 44 95 170 256 212 
108 44 32 54 94 178 269 191 
82 48 33 53 102 189 267 222 
90 54 34 52 107 188 255 224 
90 51 30 55 102 181 231 222 
81 52 31 53 107 194 236 231 
77 49 34 44 103 188 221 231 
114 145 43 47 92 167 198 253 
116 153 44 49 83 178 224 263 
114 160 46 52 96 194 235 276 
123 160 46 50 89 194 230 271 
126 171 46 53 93 190 227 297 
98 119 50 65 97 195 235 271 
90 114 49 66 93 190 212 264 
98 132 51 63 80 188 220 290 
88 136 53 64 92 180 225 315 
96 127 52 64 100 180 261 308 
100 123 42 65 111 192 264 296 
106 131 71 64 110 163 247 296 
98 118 96 65 111 145 223 258 
101 114 100 70 111 130 209 224 
100 123 101 71 107 126 161 204 
104 159 103 59 100 97 141 216 
110 171 125 60 100 103 179 251 
111 164 108 60 106 105 170 259 
110 167 106 60 96 92 156 299 
107 161 107 60 90 89 171 362 
101 141 107 58 96 166 204 346 
89 167 95 54 88 164 172 338 
90 203 131 55 85 168 166 340 
95 208 132 54 82 173 172 309 
95 207 135 49 90 177 153 212 
98 222 134 51 73 111 100 235 
109 222 119 55 72 104 125 213 
116 206 120 55 64 93 122 188 
112 201 116 48 61 81 109 181 
110 205 112 48 48 72 109 183 
102 177 120 51 51 78 117 207 
90 130 118 48 51 78 85 200 
78 132 78 48 49 77 87 235 
73 133 76 48 47 77 114 233 
67 124 75 57 52 102 125 232 
77 117 62 53 45 107 117 242 
93 118 47 53 45 111 131 320 
100 81 35 50 47 115 162 321 
105 76 37 53 44 119 156 331 
121 74 39 41 46 104 203 437 
130 85 38 37 47 93 206 434 
132 112 46 39 47 91 207 404 
138 114 49 46 58 116 286 472 
171 123 59 63 82 230 489 518 
219 150 62 68 84 249 503 499 
217 145 64 81 90 320 544 479 
220 152 71 102 113 339 566 481 
221 156 75 100 111 345 620 460 
196 152 70 89 96 289 508 417 
145 139 68 90 94 285 503 368 
135 137 66 84 95 224 499 458 
120 101 52 55 76 216 497 498 
112 90 48 57 79 198 395 466 
110 92 44 58 82 191 357 481 
89 106 43 56 85 207 343 482 
83 109 40 52 80 203 341 459 
84 107 41 52 73 188 334 415 
83 113 40 49 71 188 351 484 
91 119 42 45 68 186 357 468 
93 92 44 39 65 145 341 456 
97 107 47 38 68 127 311 407 
103 118 45 36 70 128 312 402 
92 118 43 41 61 116 254 307 
92 106 43 46 61 135 265 316 
