46 30 29 33 40 30 30 75 
40 33 30 32 37 30 30 77 
37 31 28 30 37 32 29 83 
44 31 31 30 38 32 26 73 
44 33 26 30 40 29 26 66 
44 32 25 27 38 30 25 64 
44 28 24 27 35 30 25 75 
45 29 22 27 38 30 26 70 
42 31 22 37 44 30 29 67 
49 33 24 36 45 34 34 71 
49 34 22 34 46 31 34 74 
48 34 23 35 50 33 33 69 
48 34 24 38 49 32 35 71 
42 33 23 30 42 33 33 71 
38 32 22 29 40 29 28 79 
44 32 24 32 39 32 27 80 
45 33 24 31 36 31 29 83 
43 32 25 31 34 31 27 102 
43 29 24 36 44 32 27 101 
41 29 26 37 42 31 26 101 
34 28 27 34 43 27 31 105 
35 32 27 33 42 41 29 120 
35 33 27 32 46 41 28 101 
38 34 28 26 41 40 31 105 
38 32 24 25 43 41 35 98 
38 31 22 26 42 42 30 91 
50 35 30 29 47 29 30 71 
52 34 30 29 42 30 32 67 
52 34 30 30 42 29 30 73 
64 46 32 31 40 28 30 77 
67 48 33 33 44 31 31 81 
59 43 27 32 40 30 33 88 
57 43 26 35 41 31 32 97 
57 45 29 33 37 31 33 89 
45 36 29 33 40 34 30 83 
41 35 29 31 39 32 30 83 
42 39 29 29 38 33 35 77 
54 66 30 26 38 32 38 80 
54 68 29 26 38 48 41 80 
56 69 32 27 36 54 55 90 
58 67 31 33 75 97 95 118 
64 67 32 37 97 118 125 196 
59 45 33 46 105 142 177 305 
60 39 35 55 136 180 263 382 
65 40 37 66 165 193 285 410 
85 79 38 64 152 203 367 447 
86 87 39 66 141 203 386 469 
98 98 44 68 156 220 423 422 
112 104 45 67 140 191 392 434 
112 104 42 57 107 186 396 416 
106 104 54 63 112 162 331 374 
108 105 54 60 111 166 410 348 
101 107 48 53 83 149 469 413 
88 109 47 47 65 154 471 354 
84 109 46 47 65 149 473 360 
74 89 32 36 53 142 469 391 
66 84 36 35 51 138 446 375 
87 87 40 33 48 121 343 299 
93 91 43 36 59 110 340 288 
105 99 43 34 54 111 360 318 
106 100 42 34 56 115 396 281 
108 97 40 33 57 116 422 269 
114 118 39 37 66 121 458 355 
114 117 33 31 56 121 453 358 
109 117 71 31 56 122 441 340 
111 158 101 37 54 133 419 352 
118 166 104 49 70 143 370 374 
102 155 105 48 61 138 339 286 
101 154 107 51 66 150 389 316 
100 188 120 54 70 153 427 291 
104 192 139 76 95 152 515 337 
97 202 142 72 90 146 518 309 
102 297 187 80 100 175 543 307 
101 310 193 90 160 218 559 271 
129 331 207 96 172 279 612 318 
132 320 188 81 163 310 630 295 
134 315 186 82 167 338 662 295 
131 225 145 74 178 361 664 292 
149 276 185 65 140 351 629 297 
127 252 153 65 141 333 625 270 
124 250 152 68 145 329 568 287 
178 311 214 88 165 459 641 334 
177 321 226 89 152 453 610 339 
165 298 203 88 142 446 619 349 
170 364 270 95 141 469 608 365 
165 379 281 98 146 491 608 324 
99 336 239 81 136 373 523 299 
96 327 227 86 144 362 526 302 
168 329 242 105 160 382 585 298 
186 298 177 100 157 353 642 354 
192 282 167 108 194 356 629 367 
205 272 176 110 187 387 612 359 
207 312 200 111 180 403 628 414 
159 309 179 106 172 402 574 409 
140 245 164 105 201 452 478 400 
138 238 155 109 235 462 495 419 
129 236 139 107 243 448 476 418 
133 192 123 102 242 427 464 362 
125 180 121 91 250 408 434 381 
129 183 124 91 258 346 391 395 
130 185 127 75 216 279 350 357 
123 185 136 72 203 212 298 349 
131 193 173 72 201 205 268 397 
132 156 168 67 193 203 294 394 
130 159 165 56 158 215 294 312 
128 189 171 44 119 201 270 311 
130 213 181 50 119 214 275 339 
112 201 128 50 121 213 273 304 
108 205 144 52 129 248 258 288 
92 223 179 52 106 214 209 291 
86 211 185 52 120 248 206 290 
87 208 176 44 137 264 204 256 
89 198 184 80 264 387 295 285 
91 200 172 87 284 394 307 267 
98 179 145 94 288 394 308 256 
104 174 245 105 308 447 328 334 
107 154 249 108 312 440 337 364 
109 207 269 85 224 352 258 320 
111 236 276 78 191 313 228 315 
111 243 291 85 273 451 398 312 
112 351 217 85 259 413 393 235 
123 377 218 82 262 426 407 191 
125 367 191 91 294 488 438 173 
121 367 178 109 358 532 477 190 
119 381 179 100 318 472 384 249 
113 296 171 94 331 456 396 245 
93 297 192 100 331 451 387 296 
122 291 186 94 312 381 369 352 
125 275 251 78 233 322 354 363 
139 253 248 86 255 359 388 397 
147 232 257 84 227 357 360 402 
155 252 245 83 218 372 425 428 
139 251 304 98 208 416 447 464 
140 242 273 106 217 435 460 503 
132 236 269 116 183 405 413 483 
139 225 278 128 188 414 457 631 
163 224 278 126 180 387 386 650 
206 223 274 121 189 341 343 667 
213 225 278 121 201 330 313 646 
217 225 277 126 203 262 353 680 
212 242 261 114 204 246 323 549 
193 185 292 115 204 260 327 487 
149 163 254 108 192 246 352 462 
138 173 272 130 194 246 351 463 
126 173 265 111 172 277 308 393 
111 153 296 114 184 281 290 408 
115 158 272 111 180 269 302 438 
106 163 290 113 174 265 283 392 
106 151 269 72 168 277 295 405 
115 182 276 70 165 239 269 388 
118 189 259 61 139 222 268 379 
116 195 253 72 144 230 247 365 
123 197 241 66 161 238 244 368 
124 192 227 70 170 266 250 349 
114 179 216 66 165 278 286 364 
116 174 192 69 194 293 279 392 
120 155 196 70 195 299 286 413 
125 197 163 73 184 301 272 398 
119 201 194 75 183 253 237 371 
115 183 195 74 182 256 227 366 
122 180 191 73 153 225 240 349 
107 186 182 63 147 232 249 323 
96 132 192 68 164 250 255 344 
94 155 153 63 160 276 247 352 
96 154 152 65 166 294 229 336 
80 151 145 63 187 318 247 340 
86 147 163 60 190 310 237 384 
110 153 165 53 192 324 300 359 
108 122 179 53 179 317 316 355 
109 119 176 61 207 324 312 368 
111 117 180 63 188 308 319 340 
111 109 153 66 205 313 324 291 
96 148 299 77 201 297 266 308 
113 163 304 76 207 332 306 309 
110 165 307 79 210 380 365 300 
117 168 308 82 222 410 341 363 
114 165 316 83 218 424 364 360 
105 131 181 76 209 412 388 366 
96 106 156 81 217 397 361 372 
96 102 146 72 190 338 300 370 
92 111 136 70 192 308 297 305 
86 116 112 70 191 285 258 284 
74 102 81 69 187 279 246 227 
78 109 147 76 191 298 251 205 
73 109 146 85 213 297 298 224 
75 97 152 83 200 294 296 254 
79 93 152 82 194 308 296 231 
84 95 157 80 212 354 271 261 
74 82 101 64 187 318 273 276 
84 81 96 52 148 300 232 254 
90 83 87 63 152 297 233 223 
87 80 80 63 161 324 235 213 
98 145 76 62 139 281 264 180 
111 175 122 62 140 280 242 197 
114 184 139 60 142 281 258 201 
111 179 143 57 147 295 270 245 
115 179 152 78 187 342 318 281 
104 131 149 80 185 333 314 297 
101 125 112 80 191 340 306 283 
93 122 107 80 190 337 299 287 
87 131 107 77 192 358 316 255 
86 131 93 56 140 274 261 231 
99 131 94 57 167 325 279 202 
88 102 82 58 154 303 279 188 
89 95 81 69 163 311 261 174 
93 106 73 65 151 281 273 186 
91 110 74 64 146 269 337 189 
78 109 73 60 110 201 309 202 
78 113 70 60 109 191 303 205 
84 110 41 45 102 195 303 203 
77 87 39 44 87 160 257 180 
72 78 35 41 79 160 176 194 
66 70 30 37 84 184 175 213 
63 62 28 32 81 189 176 222 
54 67 30 35 73 172 167 229 
72 83 32 36 74 176 171 241 
81 91 39 37 100 218 208 216 
87 112 40 36 95 205 200 207 
87 116 43 38 93 204 197 192 
86 111 42 40 110 212 223 188 
86 105 42 39 110 213 238 193 
96 127 37 37 96 159 186 214 
92 112 38 38 109 166 179 190 
92 112 35 40 121 168 183 199 
105 133 37 40 108 145 155 217 
93 128 42 47 134 170 136 187 
77 104 42 48 139 191 153 164 
98 150 44 55 149 209 176 170 
99 176 56 54 144 207 175 156 
97 208 115 54 145 211 176 146 
104 221 116 48 121 188 161 211 
109 226 120 47 109 156 141 210 
89 207 119 38 77 109 104 203 
91 188 116 36 68 108 103 212 
79 137 60 29 58 97 92 218 
76 142 87 35 54 84 90 171 
69 156 111 35 44 81 84 176 
76 173 114 34 36 72 88 189 
71 166 115 35 46 65 74 188 
102 232 115 36 46 58 80 205 
109 223 92 31 44 59 92 271 
110 211 55 34 45 59 94 268 
108 192 49 34 46 75 100 271 
114 194 44 32 44 86 101 270 
89 105 38 33 51 110 118 274 
72 90 33 32 53 112 109 216 
78 84 34 29 55 113 112 253 
77 78 33 31 83 146 133 253 
74 79 34 32 85 148 169 321 
70 86 34 30 82 142 157 297 
73 87 42 32 87 141 165 301 
76 89 40 31 89 150 182 274 
75 91 42 32 75 132 205 299 
74 85 38 29 67 119 215 228 
85 74 38 30 67 112 218 242 
103 106 30 30 58 115 239 238 
97 101 30 36 85 144 242 256 
97 102 25 36 87 152 218 229 
98 98 24 38 91 167 196 315 
89 96 27 41 92 168 199 329 
74 58 26 42 98 196 208 348 
78 61 26 39 88 180 203 340 
77 53 28 34 84 161 234 333 
72 58 28 35 85 158 228 284 
72 60 30 35 84 165 248 297 
65 58 31 32 82 141 216 260 
58 51 29 30 69 137 226 283 
64 50 29 35 90 151 214 316 
66 42 29 37 99 165 253 307 
69 33 24 34 102 161 249 295 
75 43 27 33 99 151 247 355 
75 50 27 35 99 140 226 332 
70 53 30 33 80 128 216 321 
66 53 30 29 74 112 171 310 
60 53 32 30 71 113 149 327 
50 44 28 31 74 112 148 266 
46 38 30 37 107 165 158 259 
61 62 31 37 105 168 132 283 
72 66 31 38 113 193 149 317 
74 71 30 40 113 204 152 280 
77 71 32 41 111 203 155 291 
80 70 33 35 80 172 162 297 
71 76 37 33 77 166 165 255 
62 76 39 33 78 140 140 200 
64 74 40 34 78 115 143 203 
68 76 41 33 78 116 157 231 
79 78 40 36 77 114 170 229 
78 52 32 37 79 123 164 260 
79 56 29 34 53 114 169 283 
76 57 30 36 88 132 153 282 
67 53 26 35 89 133 149 239 
49 49 23 31 90 122 112 238 
50 46 25 30 87 109 130 240 
53 69 28 31 90 104 191 246 
56 76 29 30 57 98 199 253 
58 78 29 30 58 114 193 258 
63 80 32 35 66 140 216 260 
61 80 30 34 69 151 230 237 
63 60 27 35 81 175 181 223 
60 62 27 32 79 174 185 201 
64 63 31 33 77 172 204 241 
62 62 27 27 68 160 198 256 
67 61 30 30 66 172 191 284 
62 57 32 32 69 174 213 290 
62 51 29 32 66 171 206 294 
93 76 29 30 64 161 196 261 
92 78 30 31 65 157 181 248 
89 77 27 29 65 161 176 200 
89 77 26 30 64 179 165 201 
87 71 26 29 68 183 169 199 
54 59 25 32 72 185 178 229 
56 58 27 34 70 180 180 224 
50 58 28 34 77 159 161 221 
49 57 28 29 62 120 167 189 
52 63 30 34 61 112 211 239 
53 63 28 31 58 123 235 240 
52 66 28 37 96 160 241 232 
51 70 25 36 93 164 246 241 
53 69 28 35 93 149 254 253 
57 65 30 38 103 151 247 235 
48 49 30 38 104 153 220 245 
48 44 28 34 77 144 215 249 
62 62 31 37 91 158 233 253 
67 65 31 38 89 158 222 247 
61 66 28 31 76 154 185 225 
65 67 29 32 76 142 175 198 
64 70 29 27 68 115 178 211 
64 58 28 25 50 93 155 245 
64 58 27 29 65 101 175 250 
67 57 27 28 65 117 180 256 
63 57 30 27 64 117 186 244 
63 65 33 33 64 116 194 252 
60 60 33 30 65 121 207 247 
54 57 32 34 64 115 181 250 
