22 20 33 33 37 35 29 24 
23 22 31 32 40 38 31 23 
24 21 28 33 40 38 32 22 
21 22 29 30 37 34 25 22 
23 22 30 32 34 32 23 21 
24 22 27 29 34 30 22 21 
24 20 27 30 34 28 20 24 
23 23 26 32 39 56 32 49 
32 21 24 34 69 88 71 145 
43 22 24 34 76 96 98 279 
47 37 25 36 77 100 105 303 
49 41 25 36 78 116 114 305 
51 43 31 41 101 132 118 307 
67 52 31 38 91 133 123 287 
67 56 32 38 90 138 250 308 
67 49 32 40 100 156 275 296 
68 47 32 43 110 174 291 308 
69 45 28 39 98 160 297 310 
52 72 32 42 96 148 305 346 
71 98 34 41 94 155 254 264 
76 100 32 39 83 141 238 281 
78 101 37 33 67 104 216 275 
81 102 35 31 52 97 222 281 
87 87 36 36 51 120 363 271 
75 83 53 37 50 128 403 246 
74 84 53 36 51 138 443 229 
101 85 54 39 50 153 487 229 
102 87 58 39 53 156 493 235 
98 150 121 39 49 147 479 221 
97 145 120 42 52 145 499 226 
103 146 121 43 60 139 476 212 
83 153 130 44 60 133 536 223 
87 162 134 49 71 170 641 248 
89 156 129 45 71 168 596 256 
85 154 129 43 70 158 565 251 
80 165 131 42 66 167 613 259 
83 198 128 54 72 184 679 308 
88 224 173 64 90 204 664 301 
90 222 142 67 95 213 690 271 
91 223 145 67 94 212 719 270 
99 236 146 70 95 212 711 298 
111 241 152 77 111 257 657 288 
119 254 125 77 96 237 578 277 
120 252 140 78 98 252 567 288 
134 307 183 91 103 311 635 387 
130 308 210 92 107 337 617 367 
122 290 207 83 121 341 548 335 
114 265 190 71 128 355 598 350 
129 296 194 74 132 355 597 407 
125 249 150 61 143 311 474 342 
126 233 115 57 141 292 453 351 
125 234 113 54 121 260 470 428 
137 227 114 59 117 233 454 471 
150 231 154 63 120 243 489 448 
147 236 179 72 108 254 498 454 
176 236 183 81 121 263 553 596 
172 223 183 82 136 329 588 544 
174 221 184 86 141 330 571 526 
150 138 133 78 129 313 523 517 
148 102 95 71 129 307 515 514 
114 122 92 61 117 287 436 454 
117 121 83 70 122 236 430 466 
97 112 76 67 131 252 407 490 
110 187 78 71 137 269 408 473 
114 200 78 70 132 262 390 488 
108 189 99 72 140 263 396 410 
107 190 100 63 128 249 325 397 
100 190 101 56 110 226 292 315 
81 114 131 106 135 281 292 373 
80 94 140 112 171 311 352 386 
84 109 117 115 175 311 354 353 
86 119 126 116 174 289 331 362 
95 126 164 124 197 325 361 420 
105 133 166 85 192 287 347 372 
100 134 161 75 161 249 275 321 
109 114 159 69 149 249 271 354 
104 102 151 65 137 245 261 347 
96 104 107 56 101 196 211 267 
90 91 57 53 84 156 182 260 
84 80 45 49 87 156 162 263 
62 78 53 50 88 155 145 210 
65 96 69 49 89 162 133 194 
66 113 101 39 86 166 167 202 
66 119 103 33 89 155 183 270 
73 127 106 41 98 158 184 279 
92 143 104 38 96 156 179 272 
95 142 94 40 104 152 162 280 
106 147 63 39 102 141 139 310 
110 147 59 47 116 192 148 268 
107 145 100 46 111 190 140 236 
97 135 100 48 120 200 153 249 
97 122 99 44 115 192 150 235 
88 96 96 49 125 200 143 214 
81 98 102 95 110 176 148 207 
84 96 68 177 112 171 148 238 
95 86 65 184 124 174 143 353 
93 85 70 188 121 174 140 389 
103 80 86 188 168 226 227 380 
115 73 100 185 161 211 216 419 
113 77 106 119 173 246 219 418 
100 78 113 121 235 287 331 329 
98 81 111 130 275 311 364 308 
80 74 103 136 258 271 332 300 
76 76 94 163 457 428 395 323 
87 70 88 162 474 498 522 415 
94 80 151 162 452 488 476 415 
100 83 186 161 453 519 469 438 
112 86 194 156 451 535 483 500 
110 95 328 119 252 427 430 454 
123 124 419 146 262 414 321 529 
123 123 412 145 246 398 297 560 
141 123 436 167 222 379 332 562 
143 124 439 183 285 439 384 541 
148 119 362 199 291 448 383 574 
134 91 267 179 251 390 349 545 
138 104 332 182 251 399 347 526 
133 103 291 156 238 394 288 578 
136 124 301 145 171 352 189 566 
139 118 285 124 157 326 187 567 
197 120 278 132 156 299 174 495 
200 115 278 118 165 312 195 597 
214 125 320 133 193 291 203 562 
219 101 303 130 176 279 196 575 
212 106 310 117 189 307 210 603 
176 112 325 104 202 350 216 580 
179 119 298 118 224 362 228 464 
153 111 254 110 251 412 309 444 
162 121 263 129 323 461 376 431 
179 120 263 127 327 447 372 366 
170 128 305 135 326 431 388 376 
184 132 293 133 328 434 410 390 
190 133 293 135 301 411 379 415 
172 131 377 130 229 377 337 406 
167 132 393 135 265 443 376 377 
162 119 366 147 293 489 383 408 
164 110 346 149 285 487 351 450 
192 117 354 149 301 476 387 412 
195 139 294 153 380 538 435 428 
187 138 286 146 346 485 401 424 
193 136 275 133 354 489 432 430 
200 129 267 124 353 512 481 405 
172 124 253 113 333 505 472 401 
172 92 223 90 245 423 454 403 
175 89 218 91 247 420 459 406 
180 94 252 95 183 348 407 378 
156 108 262 113 193 317 348 384 
193 102 258 111 203 317 331 428 
191 115 328 108 182 266 252 420 
193 118 338 119 195 288 258 430 
183 108 295 109 212 311 256 412 
177 86 280 85 207 286 246 388 
147 89 336 83 183 260 172 321 
136 65 270 91 190 277 206 301 
132 70 253 85 242 351 293 288 
133 79 285 94 243 344 300 282 
125 80 280 92 242 384 344 269 
139 89 248 96 246 390 345 264 
157 89 304 111 252 401 362 247 
156 79 299 109 226 387 330 268 
156 72 270 97 219 409 331 244 
155 84 290 99 209 375 306 217 
133 96 301 109 222 394 356 219 
134 100 252 90 218 384 325 264 
135 99 244 101 256 383 336 248 
135 101 244 103 245 341 338 249 
133 100 298 105 242 327 330 279 
127 89 267 118 269 382 328 311 
110 94 252 127 277 391 370 326 
104 94 256 135 274 409 395 345 
101 109 393 135 285 430 407 346 
121 146 399 135 294 448 417 348 
124 138 401 127 284 441 412 326 
133 136 402 123 287 437 384 335 
132 143 417 107 241 379 312 314 
141 169 420 117 226 356 286 308 
147 144 383 121 229 365 302 284 
150 146 376 110 237 353 310 283 
137 144 379 100 213 335 297 214 
149 148 391 103 192 314 303 213 
139 104 248 99 199 339 321 206 
117 96 273 91 183 320 300 224 
109 89 267 84 122 275 245 221 
118 89 259 85 125 276 265 236 
97 73 266 74 128 278 256 215 
113 113 373 85 142 278 252 220 
111 104 336 81 124 247 234 244 
109 107 335 79 129 222 228 252 
94 105 329 78 141 248 231 245 
105 105 307 82 141 240 219 262 
100 63 167 69 121 198 184 265 
118 67 162 68 119 192 184 283 
119 64 156 71 144 249 213 272 
130 65 161 69 135 231 214 289 
131 63 129 67 132 240 209 301 
120 59 117 63 128 245 219 301 
99 57 130 63 135 256 219 259 
143 101 133 70 105 191 217 280 
139 104 127 81 102 171 184 261 
133 103 113 101 101 152 182 250 
134 104 115 103 98 140 168 248 
134 105 115 106 139 214 190 249 
87 97 116 99 136 235 157 213 
95 116 114 92 131 238 157 232 
124 127 110 90 132 246 157 245 
132 135 146 100 129 242 153 255 
133 142 139 101 78 160 117 234 
131 127 140 103 87 148 114 247 
124 143 141 103 91 135 96 218 
107 156 142 85 85 124 94 195 
106 172 135 73 85 121 91 187 
109 173 125 67 78 116 75 259 
108 178 119 68 78 107 93 265 
103 166 117 66 70 103 107 285 
83 153 114 58 72 106 116 301 
73 132 66 48 68 115 128 303 
77 130 60 48 66 119 141 310 
80 126 55 41 44 96 133 304 
88 123 52 37 64 117 159 303 
89 116 38 39 70 121 155 293 
98 112 34 36 87 133 171 298 
95 112 36 33 90 128 160 242 
101 108 38 34 94 129 170 275 
99 128 43 33 89 134 183 295 
99 131 46 34 85 137 210 290 
87 131 44 32 68 116 204 279 
77 124 45 35 67 122 208 270 
67 125 44 36 81 129 239 293 
71 104 40 40 73 119 232 271 
79 105 38 46 77 120 226 285 
79 104 38 48 79 126 222 295 
79 103 40 47 81 124 232 325 
78 98 35 46 60 119 201 268 
67 109 34 44 63 107 176 247 
53 100 35 44 110 196 209 242 
53 97 35 44 116 200 225 239 
55 100 30 46 117 212 219 212 
57 104 32 49 119 211 216 231 
61 63 36 49 119 216 222 257 
61 59 34 44 91 154 209 249 
64 59 34 43 81 148 216 276 
62 50 29 38 78 145 215 302 
62 39 29 34 83 156 224 345 
57 39 31 32 84 147 221 337 
63 47 33 30 65 124 187 340 
89 80 33 36 65 119 155 337 
87 83 35 37 65 114 183 309 
91 86 36 38 58 95 175 307 
105 89 30 38 72 115 261 331 
102 84 30 38 67 116 274 329 
79 58 35 37 75 150 295 309 
85 61 35 37 74 149 287 350 
78 58 36 38 83 164 301 312 
59 53 35 39 71 155 266 279 
60 52 35 41 75 152 250 289 
61 44 30 39 69 127 219 322 
54 34 29 46 82 142 213 266 
53 35 27 44 74 123 210 271 
60 37 27 44 70 118 161 299 
61 36 24 47 69 130 187 275 
57 35 29 45 70 128 223 236 
69 36 29 38 56 109 234 317 
76 32 29 39 54 114 215 314 
70 31 30 36 53 113 215 283 
72 30 30 29 48 107 200 292 
73 30 26 29 51 109 195 303 
63 31 31 32 72 132 185 256 
55 34 30 31 77 140 207 258 
51 34 30 32 79 145 203 254 
48 34 32 35 81 137 197 247 
50 36 31 36 81 132 174 249 
50 34 28 32 65 131 187 234 
44 31 30 32 57 116 153 203 
47 28 28 34 55 118 178 201 
54 28 28 34 58 119 185 222 
50 26 29 39 59 127 199 225 
47 24 27 41 49 103 190 207 
56 26 27 40 51 105 188 233 
60 28 27 37 49 100 201 251 
53 28 28 40 55 105 197 236 
63 29 29 37 60 98 195 242 
64 30 30 37 62 94 195 240 
60 27 27 40 63 92 205 233 
60 24 28 40 64 90 184 228 
64 29 32 36 56 91 188 219 
67 33 31 34 46 89 175 232 
64 33 29 35 45 91 157 238 
62 34 32 33 43 91 148 249 
57 34 32 33 45 100 136 265 
52 29 27 34 45 100 129 266 
39 23 25 36 47 100 131 239 
52 25 27 35 43 100 158 242 
50 25 25 33 42 99 157 221 
51 25 27 35 53 97 153 198 
53 27 27 33 57 100 164 245 
57 27 26 30 53 99 159 255 
54 23 27 28 61 106 140 266 
56 23 26 35 68 111 138 264 
56 23 27 36 57 101 146 252 
53 20 27 36 58 99 129 208 
49 21 27 39 60 100 121 222 
46 24 25 39 52 84 119 238 
41 25 25 33 47 86 121 238 
39 24 26 30 57 97 115 245 
41 24 24 28 51 89 146 250 
62 29 25 24 53 91 158 262 
59 27 26 22 53 91 154 219 
61 27 28 24 53 91 159 211 
64 27 26 23 43 78 157 209 
71 31 27 27 49 72 133 209 
56 25 27 30 47 69 138 174 
57 28 26 34 48 73 135 171 
56 26 22 37 44 65 126 169 
52 28 22 36 42 66 127 186 
46 28 22 35 38 70 126 189 
57 29 21 33 37 67 103 190 
65 28 27 35 41 75 122 274 
63 30 28 35 45 88 133 279 
64 28 30 37 47 95 131 281 
62 25 29 37 47 95 124 278 
