19 27 28 33 38 33 42 24 
22 25 23 36 33 35 40 26 
24 25 21 34 34 35 34 25 
25 23 20 37 31 38 33 23 
27 22 19 37 32 37 34 22 
26 22 20 39 36 39 33 25 
23 24 22 42 36 39 43 23 
22 22 21 43 39 37 43 22 
20 26 22 42 41 33 45 24 
18 26 21 40 43 33 43 25 
16 24 22 39 41 31 45 25 
20 23 26 32 40 32 39 29 
23 25 28 32 39 32 40 30 
22 20 28 29 40 33 41 28 
26 23 27 28 37 34 42 27 
26 25 27 28 39 35 37 26 
24 23 24 30 45 33 36 22 
22 24 25 27 46 34 44 23 
22 26 28 31 44 34 37 23 
20 29 32 34 50 33 38 28 
22 27 34 36 51 31 40 26 
24 28 33 34 45 30 38 25 
25 28 32 34 41 26 29 27 
26 27 30 30 41 27 29 26 
25 23 30 29 38 28 32 32 
27 24 28 35 37 32 31 46 
27 25 28 36 62 69 59 103 
30 25 28 40 71 100 82 166 
29 25 27 43 70 103 83 169 
33 34 25 43 70 106 89 213 
32 35 27 38 75 112 90 216 
32 35 30 48 129 171 113 198 
31 36 29 46 129 162 109 163 
37 45 30 46 131 171 119 182 
39 42 33 48 135 174 125 149 
41 42 35 56 166 218 146 148 
48 43 37 54 129 175 132 167 
54 43 40 57 133 187 150 197 
51 34 40 57 132 182 176 202 
47 28 37 56 132 184 179 200 
48 26 34 47 84 128 183 210 
54 31 33 43 72 115 201 272 
52 31 32 39 78 94 271 282 
55 40 34 40 78 91 260 281 
56 44 36 36 71 81 268 277 
55 45 35 39 71 82 270 283 
68 81 36 35 72 109 319 297 
85 109 35 34 53 126 401 275 
87 113 34 32 60 128 412 265 
87 114 33 37 58 125 413 261 
95 140 40 35 57 126 431 266 
83 124 40 35 54 119 424 205 
73 121 40 37 49 105 330 210 
72 116 44 38 45 104 316 216 
72 115 42 34 46 107 331 223 
67 84 35 35 51 119 368 261 
69 105 34 35 55 121 386 256 
72 108 35 38 57 112 375 287 
84 172 46 36 54 121 417 290 
88 186 71 38 62 151 470 304 
86 194 91 36 58 147 510 269 
84 185 95 35 49 140 484 251 
76 172 95 31 47 143 478 206 
64 139 90 36 46 185 571 215 
84 139 81 43 46 171 533 201 
88 146 69 46 55 172 490 189 
90 148 64 52 55 169 480 202 
90 150 63 54 58 182 493 193 
88 128 64 52 58 138 367 173 
71 167 56 43 50 127 402 164 
71 184 44 42 44 117 380 191 
67 183 41 35 49 118 417 192 
70 184 54 35 45 95 437 198 
76 191 98 45 53 91 485 199 
72 141 100 49 60 119 436 201 
72 104 102 50 59 125 450 196 
71 161 103 50 59 124 432 183 
74 176 103 47 60 131 428 184 
79 170 63 39 59 157 407 266 
78 171 61 44 78 166 442 267 
80 166 57 44 83 175 407 292 
79 115 58 44 82 174 399 289 
83 89 64 55 95 197 450 317 
85 116 65 56 91 173 414 303 
89 120 63 50 75 144 383 354 
82 119 65 51 67 134 385 349 
82 111 62 54 67 149 400 357 
76 111 49 44 46 122 350 347 
71 73 44 50 104 158 325 361 
66 63 44 51 106 172 329 317 
64 130 91 48 108 165 338 295 
69 134 92 48 110 157 377 327 
71 133 94 50 111 154 341 359 
65 135 96 41 68 145 362 329 
62 135 95 42 70 129 370 333 
70 75 52 43 69 134 372 347 
77 71 52 40 70 126 292 329 
75 63 48 39 70 128 309 281 
73 57 43 39 63 110 288 286 
72 54 43 37 53 109 279 296 
69 48 41 38 52 105 273 280 
63 48 37 36 62 117 298 256 
64 49 32 34 61 107 280 256 
69 49 32 33 57 90 265 233 
71 48 29 37 61 94 242 193 
68 41 33 39 70 118 211 169 
73 35 33 42 57 113 180 197 
91 80 34 41 57 112 159 309 
89 87 35 41 66 121 177 296 
92 91 42 42 69 127 178 309 
94 97 40 41 69 134 200 313 
98 105 55 57 105 211 255 333 
80 82 76 79 116 226 248 246 
77 80 87 82 124 227 268 243 
91 93 87 83 171 270 365 269 
102 101 101 94 237 335 392 268 
106 117 119 117 301 346 424 227 
119 120 112 109 305 362 449 243 
126 126 107 108 306 362 438 350 
141 117 106 112 292 352 373 433 
140 107 95 105 248 317 347 445 
132 115 61 68 172 279 314 539 
142 190 58 59 160 253 277 631 
143 201 51 59 151 251 266 604 
119 201 48 62 173 240 276 552 
151 205 48 67 184 219 268 604 
172 211 75 70 164 188 196 582 
166 149 75 72 167 190 184 491 
176 132 79 78 194 239 205 511 
180 134 82 77 195 241 197 511 
171 131 82 79 180 212 193 525 
191 99 85 76 180 235 192 519 
187 89 84 83 188 234 190 507 
186 80 79 82 209 288 260 521 
195 79 76 75 179 278 241 502 
213 73 83 76 193 299 265 498 
179 66 59 81 199 296 291 447 
205 69 63 82 196 295 309 495 
218 75 73 83 148 194 234 500 
220 76 79 82 169 211 263 524 
205 77 71 80 168 219 254 530 
211 87 69 81 176 235 295 576 
188 83 65 78 172 245 277 547 
163 78 64 76 181 256 286 522 
152 76 125 84 201 309 315 532 
135 94 278 98 241 399 372 458 
199 93 288 121 338 492 434 433 
213 102 296 126 370 515 461 426 
229 107 300 128 375 518 463 392 
228 105 310 130 362 516 455 417 
226 89 189 118 347 475 459 432 
183 94 188 90 246 368 354 413 
168 87 181 81 213 358 326 396 
144 81 172 78 209 388 334 384 
179 87 107 72 203 348 312 353 
179 92 114 85 192 317 281 339 
159 84 97 98 203 352 303 295 
163 79 81 94 178 331 295 311 
162 80 87 91 169 319 324 395 
128 83 88 91 177 340 327 353 
179 80 72 78 171 359 327 379 
190 72 64 62 154 324 319 380 
186 79 67 67 175 326 328 382 
186 78 61 72 179 341 287 324 
187 66 63 72 171 310 289 320 
144 58 58 64 153 266 234 289 
133 57 53 66 162 301 219 291 
127 48 54 57 149 293 204 253 
132 48 68 52 136 243 192 206 
116 53 92 64 180 282 213 278 
126 60 99 66 183 280 273 289 
121 54 100 63 174 229 274 290 
127 64 101 68 170 244 284 296 
123 64 91 67 175 244 301 288 
130 59 60 61 138 198 311 286 
108 54 45 61 148 206 263 243 
135 71 45 68 148 218 260 275 
123 63 46 67 149 194 256 274 
124 62 44 65 149 226 279 292 
118 61 50 56 128 220 253 233 
115 59 52 58 102 199 237 241 
83 44 51 57 125 205 251 208 
85 40 48 53 117 212 253 213 
85 38 46 52 104 178 223 195 
88 39 43 54 109 196 192 194 
86 40 41 49 136 230 192 195 
81 35 37 47 120 256 193 257 
82 37 34 46 119 248 181 257 
76 50 37 50 117 243 158 281 
78 52 41 60 147 233 189 307 
78 53 43 72 156 248 276 304 
83 53 42 69 154 199 271 255 
112 58 40 73 158 198 278 308 
119 49 40 77 191 229 289 280 
116 44 31 68 173 241 281 246 
124 49 30 61 143 192 194 280 
125 52 31 60 142 211 219 323 
95 47 33 57 146 230 210 278 
92 49 32 61 126 220 217 292 
91 51 35 60 121 195 200 322 
93 103 37 57 121 200 201 294 
96 112 36 56 120 183 159 280 
99 115 41 57 147 233 252 310 
91 115 40 55 128 227 248 302 
92 117 41 69 138 231 248 278 
75 72 37 70 139 246 249 280 
71 62 38 72 137 243 245 265 
72 59 35 73 133 209 149 221 
83 72 37 66 132 205 181 225 
87 130 35 58 125 211 180 244 
128 182 46 63 129 191 180 327 
131 191 46 66 130 191 180 309 
131 194 43 64 88 147 175 319 
132 208 48 63 86 113 108 371 
134 185 50 56 75 107 106 373 
100 143 45 49 60 102 100 309 
97 133 45 40 57 121 110 308 
113 149 46 37 60 121 102 297 
108 129 39 38 53 114 102 247 
111 165 39 40 51 102 98 238 
109 160 34 37 54 104 99 237 
107 182 42 38 51 83 94 254 
93 190 67 39 43 78 98 256 
91 190 73 37 51 98 108 224 
83 152 71 37 54 96 116 270 
79 149 72 39 56 98 108 268 
80 118 68 40 58 91 104 256 
78 78 44 39 59 94 99 265 
84 68 35 39 52 78 89 283 
105 137 33 38 48 77 156 256 
108 156 38 38 44 70 174 274 
125 168 38 41 59 82 183 296 
132 171 38 42 60 97 204 388 
150 179 40 46 63 103 208 422 
136 164 45 46 68 137 269 425 
142 147 47 49 81 155 275 438 
138 136 51 55 88 205 295 459 
133 136 55 68 95 205 303 459 
120 130 55 76 101 245 408 444 
123 112 50 77 104 267 410 497 
130 139 49 76 96 274 435 520 
124 139 45 71 82 251 444 543 
124 136 42 60 76 252 439 537 
121 136 45 47 67 219 357 544 
121 116 47 48 68 186 308 491 
108 76 42 48 83 195 278 460 
110 76 44 50 92 196 276 432 
101 69 43 53 91 191 281 373 
88 56 38 50 92 180 273 382 
78 54 36 49 86 162 242 359 
71 55 36 48 75 122 230 355 
54 43 36 49 76 101 198 331 
65 43 33 46 76 106 175 349 
70 42 34 46 73 112 215 319 
71 38 32 46 72 119 227 326 
