19 22 21 22 23 24 19 19 
19 20 20 22 22 22 19 17 
20 20 20 19 19 23 19 20 
21 18 20 21 20 23 21 23 
20 20 20 23 20 24 20 22 
20 21 21 21 21 23 20 22 
23 20 19 21 22 22 20 21 
24 22 17 23 25 22 21 22 
23 23 18 22 24 21 19 19 
23 20 19 21 26 24 20 19 
24 24 19 22 25 26 19 20 
20 25 19 23 29 25 20 22 
19 24 19 21 30 23 21 20 
22 26 20 22 30 25 20 21 
21 25 19 24 30 23 20 21 
22 21 18 24 29 21 23 22 
22 21 18 23 25 23 23 21 
23 22 18 23 24 29 23 22 
19 18 19 21 25 41 34 21 
21 20 19 20 28 53 42 22 
355 23 24 27 38 67 58 23 
416 23 24 27 46 78 75 27 
424 24 25 28 46 81 79 27 
429 27 25 30 48 83 78 29 
431 28 25 32 58 108 99 32 
247 26 23 28 75 147 116 39 
124 26 23 29 76 153 110 57 
100 24 22 31 79 163 133 134 
82 25 24 39 130 194 147 148 
74 25 24 39 131 194 158 152 
80 24 23 39 126 169 146 169 
75 43 25 40 128 164 164 174 
75 45 25 41 128 163 160 158 
71 47 23 32 77 122 151 176 
71 48 22 31 69 102 139 186 
61 50 24 30 60 98 211 183 
56 36 24 29 56 105 211 193 
56 49 26 28 50 93 237 178 
65 70 30 31 52 108 332 184 
68 75 30 32 53 136 394 186 
65 78 28 32 54 144 385 200 
70 89 30 33 49 137 408 205 
70 86 30 32 49 142 397 203 
59 71 24 28 44 132 335 187 
62 66 24 26 42 108 314 205 
70 86 27 27 47 99 335 209 
69 99 26 26 52 129 363 204 
63 98 24 27 52 123 355 202 
62 102 24 27 52 125 359 195 
60 101 26 28 50 127 336 168 
55 85 27 28 55 131 309 187 
60 74 33 29 53 110 298 177 
75 104 36 28 52 112 318 185 
78 107 36 28 52 127 392 184 
82 114 34 26 57 167 577 203 
87 115 34 27 46 165 619 184 
82 105 28 27 43 157 616 176 
74 89 27 28 46 158 631 175 
82 113 44 33 50 167 705 211 
96 129 61 35 46 163 638 263 
89 130 62 34 44 170 615 274 
93 134 64 37 46 173 612 276 
100 141 82 40 45 195 695 299 
123 158 114 59 47 225 772 377 
109 163 131 59 48 237 900 365 
121 214 186 63 54 264 935 360 
136 229 195 64 60 281 958 407 
157 268 230 68 73 293 990 458 
154 285 239 76 87 338 956 467 
163 293 243 82 92 323 821 453 
162 270 236 81 90 323 929 516 
164 286 246 85 93 361 950 500 
145 267 216 83 91 362 894 440 
132 237 210 70 120 303 795 356 
140 298 217 73 139 333 846 489 
135 292 183 71 144 332 726 430 
140 313 177 69 146 310 699 492 
151 310 174 72 143 332 692 514 
150 310 146 66 142 345 681 588 
180 285 143 63 133 348 688 507 
180 289 148 63 136 358 666 495 
183 255 133 60 130 353 678 463 
186 257 138 63 149 335 691 498 
188 269 158 69 142 333 697 493 
156 222 146 68 144 336 617 491 
161 271 160 77 144 419 584 530 
145 258 157 76 161 482 551 511 
133 241 160 82 193 464 461 509 
136 270 154 91 257 493 522 448 
131 283 147 118 362 481 585 453 
178 238 136 121 386 410 613 442 
183 251 171 122 388 316 600 440 
197 270 163 130 448 360 633 445 
197 301 164 119 417 333 606 418 
199 287 166 90 330 325 592 421 
171 294 166 90 301 296 548 431 
170 285 163 93 291 286 528 442 
152 281 158 80 197 242 502 413 
148 219 159 81 198 203 506 425 
140 252 157 87 201 192 402 402 
116 242 167 83 207 204 430 394 
123 258 165 80 205 220 436 391 
119 241 194 92 168 253 497 370 
126 235 183 95 143 262 458 413 
129 259 246 90 158 269 461 415 
139 274 257 94 150 264 438 402 
156 290 281 108 166 330 440 373 
156 288 269 95 188 436 561 372 
149 268 282 113 234 455 615 331 
171 218 301 141 264 482 621 345 
193 211 303 152 273 505 620 304 
178 158 284 143 291 569 660 298 
177 150 279 146 289 482 502 279 
177 150 271 139 275 462 432 272 
155 129 182 124 277 451 555 233 
117 81 147 107 290 449 659 317 
98 76 111 109 265 301 626 345 
100 149 217 105 242 281 644 366 
94 150 220 102 214 266 660 369 
89 152 222 91 160 219 571 355 
81 153 258 121 129 159 445 304 
89 161 271 123 135 151 466 286 
89 105 204 124 140 140 424 349 
100 101 228 119 140 145 363 363 
102 107 237 130 184 150 307 409 
106 103 229 106 188 231 306 445 
99 87 218 115 179 270 235 463 
103 83 214 117 183 278 225 436 
94 87 206 120 203 292 248 477 
93 69 205 102 157 282 228 493 
108 91 183 100 143 228 208 486 
135 96 185 97 174 215 244 519 
131 93 186 97 203 227 248 536 
130 89 164 88 181 216 231 499 
146 91 188 94 187 290 260 477 
135 83 226 90 198 294 313 475 
113 78 227 85 168 279 270 430 
118 77 230 88 139 295 293 376 
127 88 257 100 158 297 305 394 
106 86 234 96 171 250 305 373 
109 77 213 100 178 275 244 355 
116 91 235 101 205 296 275 462 
111 91 230 99 203 292 260 472 
107 81 192 101 248 361 317 491 
108 81 219 104 236 347 291 529 
134 104 199 116 229 330 303 528 
124 101 249 109 225 346 294 427 
122 103 258 111 219 336 288 454 
132 113 276 102 166 284 245 401 
158 116 290 109 184 290 257 489 
134 103 304 87 184 295 266 505 
148 99 249 85 158 252 262 565 
160 107 253 81 170 289 261 543 
154 99 243 89 195 314 243 563 
138 96 231 79 185 307 250 523 
137 91 207 83 205 344 264 499 
121 86 213 82 207 343 255 428 
120 70 234 95 213 346 264 489 
114 76 264 92 196 336 253 469 
102 77 251 95 191 345 238 395 
101 77 275 92 162 306 195 401 
103 77 298 99 168 344 221 392 
105 95 284 98 162 330 225 292 
102 87 251 100 164 309 213 309 
105 98 255 93 163 313 212 320 
111 97 230 94 161 305 229 333 
110 95 187 92 152 269 188 332 
88 81 184 86 151 264 168 365 
90 83 199 81 158 302 214 351 
80 66 192 89 165 316 236 322 
81 66 249 94 178 317 249 308 
80 66 251 92 186 324 259 316 
86 68 259 86 217 405 329 270 
89 67 261 89 203 370 334 353 
95 80 272 87 204 365 347 343 
86 83 232 86 215 373 336 323 
92 90 250 92 233 394 367 338 
84 88 227 90 191 298 309 352 
78 89 233 86 193 296 275 328 
87 84 201 81 186 270 240 345 
87 79 182 73 165 254 230 345 
82 72 245 68 143 212 260 342 
81 78 264 68 172 306 295 343 
89 77 244 78 201 361 316 296 
81 72 272 79 214 374 327 286 
83 70 299 92 216 388 343 282 
84 75 227 89 246 450 318 272 
83 62 199 90 243 407 288 281 
75 61 209 83 225 393 279 326 
77 71 189 87 215 397 276 326 
73 80 205 78 221 392 263 338 
87 76 221 115 193 322 250 388 
91 80 230 117 179 292 255 426 
89 78 218 117 176 265 243 369 
86 70 210 113 174 249 235 369 
87 59 158 110 195 286 256 365 
71 53 133 68 185 292 244 318 
68 46 125 58 183 301 222 235 
71 52 135 56 168 284 211 254 
73 49 128 53 165 276 208 256 
68 50 126 64 151 232 169 268 
71 62 122 64 143 224 155 259 
72 70 145 69 136 205 164 245 
70 65 139 67 135 206 162 232 
65 68 154 73 155 242 171 222 
69 72 141 72 148 261 217 206 
66 65 137 72 149 240 216 240 
67 57 99 68 152 239 209 326 
65 61 116 73 156 247 228 332 
65 62 109 66 136 219 224 333 
64 57 135 59 109 176 178 344 
60 53 139 71 100 166 153 317 
55 59 193 80 92 161 147 223 
54 53 188 75 68 122 116 243 
51 47 194 80 67 88 92 249 
52 43 178 84 57 74 87 249 
52 45 204 79 58 73 80 269 
52 35 154 70 55 71 78 286 
52 35 148 69 53 68 83 295 
71 55 133 64 40 65 77 302 
103 86 144 58 40 62 78 318 
112 149 100 56 38 63 78 294 
117 150 98 52 39 70 82 295 
117 153 89 53 39 61 80 263 
110 153 88 50 40 62 83 257 
84 144 60 41 40 62 83 221 
72 89 54 33 37 61 86 229 
65 112 53 35 35 49 88 256 
67 138 51 33 32 46 86 270 
65 135 36 29 39 74 84 293 
63 130 37 32 43 94 90 323 
63 123 29 30 43 96 100 313 
62 101 27 31 50 98 100 307 
63 55 30 31 54 98 96 293 
61 45 32 32 50 85 99 260 
85 78 35 30 46 68 113 268 
90 78 34 31 46 66 106 300 
91 78 35 28 38 70 103 292 
91 77 36 28 46 75 104 313 
91 80 32 28 40 70 124 323 
78 64 30 28 46 76 163 295 
74 66 30 29 57 100 165 289 
75 65 30 30 60 102 188 287 
73 63 28 28 53 99 193 271 
70 59 30 28 57 97 185 284 
63 38 30 30 54 94 176 297 
67 33 31 31 60 102 187 311 
66 33 33 30 68 115 210 310 
67 34 29 31 68 123 295 319 
66 36 31 30 66 123 298 312 
61 35 30 27 68 125 288 306 
51 35 29 26 59 117 286 269 
49 34 27 35 80 121 259 271 
48 31 27 35 80 129 178 286 
50 28 26 35 82 133 176 284 
48 29 26 37 79 130 157 260 
52 30 24 37 76 117 154 293 
57 31 25 31 54 98 157 300 
58 31 25 33 55 81 131 278 
63 33 22 33 54 73 138 325 
64 30 20 32 58 71 143 365 
63 30 23 34 63 77 146 359 
58 31 23 36 58 77 139 344 
53 30 23 36 60 75 135 364 
47 28 24 35 61 76 118 314 
53 27 25 34 58 85 139 320 
62 30 25 34 56 86 133 306 
66 27 24 29 57 93 133 317 
72 29 26 26 82 110 133 299 
70 30 27 28 87 115 137 292 
68 30 27 28 87 110 126 290 
65 29 27 28 88 116 127 299 
60 30 28 28 87 119 121 288 
63 31 26 27 60 110 117 284 
69 30 24 25 59 132 118 346 
67 31 23 29 62 168 108 313 
63 31 22 29 60 164 108 299 
64 29 19 31 57 162 114 336 
55 27 22 30 55 157 113 334 
45 26 26 31 47 136 105 276 
46 27 27 29 43 86 98 265 
48 26 27 28 48 113 87 297 
48 29 28 27 45 105 84 296 
49 31 25 28 46 103 89 285 
49 31 22 30 45 99 98 277 
65 31 21 32 46 100 100 329 
63 30 22 30 38 59 105 314 
66 28 23 29 45 81 113 279 
66 26 22 28 44 83 115 297 
66 26 25 24 43 90 102 297 
55 24 24 23 40 93 109 244 
61 26 25 24 41 111 121 229 
58 26 24 24 37 93 109 211 
58 25 25 26 53 102 109 219 
64 24 22 26 53 97 121 267 
61 28 24 27 53 93 114 258 
53 25 21 25 52 74 92 256 
50 29 22 25 52 75 123 267 
50 28 24 25 43 74 145 257 
42 29 22 25 44 80 149 223 
46 25 22 25 46 84 157 243 
47 24 23 26 44 84 162 236 
53 22 24 27 42 83 143 244 
62 21 24 27 41 79 117 267 
64 22 25 28 39 74 124 283 
57 21 25 26 37 70 111 269 
65 25 25 26 39 72 104 273 
60 24 25 27 46 94 115 263 
51 27 23 32 47 102 120 238 
55 26 22 31 46 106 104 214 
58 31 21 32 46 104 109 242 
52 32 23 32 48 104 112 235 
