33 26 23 33 49 36 34 25 
33 27 25 34 52 37 36 26 
35 27 25 33 53 37 33 26 
36 28 28 33 53 34 27 22 
31 29 26 31 48 36 27 21 
32 28 27 31 47 33 27 24 
36 27 26 28 45 35 28 21 
39 28 27 32 41 34 28 21 
38 26 23 33 40 31 29 23 
40 27 26 32 40 31 27 27 
39 26 25 36 45 34 28 28 
38 27 25 38 49 34 26 30 
38 25 22 34 52 35 27 30 
44 27 23 33 52 38 27 29 
44 25 23 33 49 35 28 27 
44 25 23 31 45 31 30 24 
43 23 21 30 37 29 32 22 
39 22 22 33 36 32 31 22 
30 21 21 31 35 32 32 22 
27 22 21 33 36 31 31 22 
40 23 21 30 35 30 33 22 
41 23 24 29 40 31 31 21 
42 24 24 28 47 32 33 22 
41 24 25 29 51 29 31 20 
42 24 23 28 49 32 31 23 
31 25 21 33 52 36 26 25 
31 23 19 32 50 33 30 61 
30 23 19 34 52 72 47 67 
29 24 21 40 93 134 80 73 
34 26 28 53 134 185 113 161 
37 27 31 56 150 201 117 167 
34 27 31 59 157 207 125 182 
39 27 32 60 162 203 130 217 
40 27 31 62 160 211 147 227 
40 34 26 53 136 189 260 253 
45 46 26 48 119 189 295 333 
48 46 29 48 131 218 307 339 
50 49 31 48 147 226 317 331 
56 65 33 40 131 198 358 416 
58 68 40 45 127 194 362 398 
67 74 39 45 126 185 351 435 
81 93 36 43 107 147 359 429 
83 94 37 44 73 132 376 441 
98 90 36 46 65 125 357 405 
102 103 27 39 61 110 301 408 
96 97 28 37 59 99 284 312 
90 90 32 38 54 100 281 310 
89 92 31 35 54 114 321 292 
70 86 29 33 59 113 305 246 
87 101 42 75 187 114 288 211 
89 101 42 86 204 143 291 245 
85 103 41 86 206 145 286 245 
102 129 65 89 209 139 271 394 
113 168 84 90 216 144 372 381 
115 165 86 64 129 145 377 387 
124 175 87 48 101 139 401 391 
129 180 89 51 109 172 500 471 
137 196 111 66 107 197 566 419 
154 224 107 67 94 192 509 455 
150 219 115 70 84 206 569 464 
155 314 252 80 100 203 638 462 
157 361 278 80 107 198 644 427 
140 354 270 73 102 195 601 392 
119 376 313 74 102 250 668 417 
108 395 324 76 106 265 661 428 
104 401 241 72 105 374 680 410 
132 390 238 80 109 399 711 464 
149 401 256 76 109 413 728 464 
162 384 213 85 125 436 757 481 
169 416 217 85 130 446 855 475 
193 377 228 95 138 449 910 492 
176 375 202 97 177 448 859 453 
173 400 195 108 193 463 857 485 
166 376 184 107 205 486 871 439 
188 329 154 114 213 572 874 571 
165 301 129 102 205 520 750 563 
168 305 159 104 173 563 788 556 
176 255 137 98 176 585 868 598 
169 277 144 94 188 574 801 609 
161 279 160 84 187 489 678 503 
158 275 166 94 210 502 668 516 
154 227 139 87 224 447 597 490 
154 242 160 80 208 380 422 419 
155 248 161 73 179 318 426 399 
142 230 144 77 193 327 439 446 
141 220 137 66 169 293 460 469 
142 264 178 69 141 265 449 549 
125 240 158 73 145 264 477 611 
151 210 153 83 144 293 483 636 
148 209 156 79 143 296 461 601 
177 220 166 79 149 294 452 569 
178 177 125 72 143 287 444 481 
175 211 134 69 141 288 400 360 
156 205 125 64 152 245 324 297 
160 225 171 64 142 206 266 277 
133 214 236 81 140 219 226 340 
130 198 252 80 144 232 332 378 
135 163 245 82 144 232 348 384 
131 190 246 78 138 233 341 378 
124 164 213 75 111 211 340 357 
126 164 144 66 102 170 346 310 
164 173 114 66 94 145 231 274 
165 180 112 97 106 143 185 266 
170 140 134 106 125 191 222 261 
166 170 140 106 122 190 221 272 
159 183 117 99 124 206 258 238 
129 184 107 97 132 217 269 212 
120 171 107 65 126 227 266 193 
132 173 87 49 99 186 243 306 
134 166 104 46 97 171 240 312 
132 142 103 51 130 203 199 356 
112 135 101 51 134 204 197 363 
106 133 101 55 159 200 253 400 
84 128 94 63 174 198 306 467 
138 104 103 77 182 205 335 731 
144 109 161 81 163 171 439 737 
145 101 174 88 171 211 547 757 
222 116 176 88 154 207 538 809 
255 138 179 89 133 203 514 795 
246 148 183 83 123 198 540 633 
276 152 157 80 168 232 471 675 
290 152 147 83 161 207 351 672 
248 139 152 79 156 196 325 673 
212 117 202 87 154 202 330 610 
196 92 215 95 154 204 278 591 
160 84 211 114 147 185 316 552 
169 118 446 122 145 217 302 571 
175 119 459 126 151 247 318 503 
198 117 448 117 152 244 312 516 
202 119 470 115 166 250 312 465 
196 131 474 95 128 232 295 444 
185 109 288 80 131 196 305 473 
187 132 363 96 160 195 324 459 
166 130 360 95 159 209 310 443 
163 129 327 90 170 247 318 473 
196 119 324 98 185 273 320 460 
185 110 312 109 186 286 366 396 
210 103 258 93 163 276 343 476 
226 115 271 103 167 270 366 489 
225 111 254 106 151 257 376 498 
215 119 302 110 140 241 337 554 
210 121 317 107 140 231 280 559 
166 102 280 108 160 296 302 484 
140 88 266 103 162 306 281 461 
131 87 277 108 232 422 324 442 
95 64 220 98 232 431 342 412 
132 68 185 99 231 428 351 396 
132 68 160 97 231 463 407 406 
130 77 205 95 237 466 470 426 
133 77 214 83 169 361 413 394 
150 72 210 81 174 374 450 341 
147 78 289 80 165 369 445 420 
143 81 308 85 140 268 381 416 
144 71 276 86 129 271 322 394 
146 80 314 86 136 280 327 399 
124 89 314 87 132 260 282 430 
94 82 262 74 147 278 276 377 
98 87 250 65 146 278 300 360 
99 92 259 59 155 264 297 360 
117 82 191 86 147 235 287 380 
116 72 187 87 139 206 263 349 
115 73 163 89 126 195 350 318 
133 67 190 89 145 213 334 335 
138 60 182 91 146 236 331 350 
114 57 179 68 141 240 354 335 
123 76 198 66 142 274 410 318 
128 72 237 67 146 274 411 337 
111 65 202 69 145 291 411 324 
105 64 193 66 154 294 402 359 
117 68 192 63 154 288 395 336 
112 52 180 62 152 255 337 335 
99 53 120 68 179 305 309 331 
108 56 126 64 161 268 313 339 
106 61 112 62 136 232 302 288 
98 56 112 60 138 234 320 302 
98 49 113 62 158 258 343 325 
119 57 148 60 144 211 287 322 
112 56 148 61 148 204 262 313 
111 49 152 72 173 243 286 318 
111 54 153 74 181 253 345 308 
107 56 144 78 169 241 328 282 
87 45 101 70 155 224 338 312 
78 43 95 69 158 237 353 300 
105 50 93 62 144 235 361 317 
106 49 105 61 137 262 305 331 
106 47 98 54 123 254 298 327 
104 48 97 52 113 244 284 267 
121 55 135 58 102 233 310 290 
96 47 133 60 105 242 279 280 
91 43 112 57 112 231 248 266 
91 43 109 54 121 233 309 271 
89 42 109 56 121 234 300 275 
78 32 64 52 140 256 283 302 
87 35 73 51 124 224 301 296 
89 35 69 50 110 205 318 291 
94 40 71 55 122 234 300 314 
92 39 68 54 125 234 307 318 
83 38 64 51 103 206 277 268 
98 40 59 52 103 198 261 287 
98 43 73 55 123 206 309 281 
95 41 67 53 101 175 279 266 
97 40 69 55 123 200 283 277 
103 42 65 57 128 198 281 269 
78 38 65 57 127 188 274 223 
77 44 55 55 106 164 207 253 
77 60 56 53 108 143 179 252 
74 62 54 50 85 111 150 223 
58 67 51 50 75 106 152 246 
63 70 47 46 80 117 154 264 
60 64 36 43 88 128 116 254 
75 62 37 45 81 128 113 273 
81 78 50 46 76 118 108 277 
85 82 60 57 98 130 115 268 
95 81 56 57 94 118 100 290 
99 83 58 57 87 97 89 279 
98 78 56 54 83 91 84 316 
101 61 45 52 85 88 85 308 
98 50 30 38 67 72 84 321 
89 48 32 40 108 171 100 296 
89 69 29 38 111 177 99 314 
80 76 30 39 113 185 106 234 
71 80 28 40 113 187 109 263 
91 82 32 35 107 187 107 306 
89 83 35 37 84 151 123 307 
85 65 35 42 83 147 128 325 
87 49 34 40 85 139 124 388 
87 39 34 39 86 142 128 381 
65 48 39 42 85 139 123 351 
70 46 37 39 67 93 97 357 
69 46 36 35 63 85 95 330 
58 45 37 34 64 112 101 259 
59 44 36 33 61 107 96 271 
65 49 29 31 59 111 97 261 
56 48 26 31 59 110 103 250 
76 51 29 34 55 106 99 256 
76 61 27 35 45 73 93 255 
75 64 28 34 40 77 95 245 
71 50 29 37 40 98 124 241 
78 51 29 35 39 101 125 268 
72 50 26 34 41 118 131 311 
77 43 27 35 42 122 135 338 
84 55 29 37 43 119 148 369 
88 77 32 33 41 96 122 363 
111 102 32 33 44 93 126 384 
109 104 32 30 48 90 120 343 
106 104 35 29 52 87 117 336 
103 102 35 29 57 114 105 306 
99 86 32 31 60 118 104 298 
70 56 30 33 59 130 93 261 
62 52 31 34 56 122 102 256 
71 53 33 39 53 124 96 227 
68 45 31 38 54 101 89 218 
89 50 31 38 50 95 84 216 
86 47 33 35 49 93 100 194 
83 45 32 34 50 96 123 189 
76 39 25 30 50 96 149 180 
76 39 28 30 49 115 222 157 
63 33 28 32 74 133 241 283 
72 38 28 39 82 142 243 302 
77 38 29 41 84 151 261 320 
76 36 30 42 87 156 262 330 
75 34 27 42 85 139 203 340 
76 34 30 38 66 123 186 299 
69 31 29 33 57 109 202 283 
68 31 27 31 52 99 186 275 
81 33 28 31 54 106 236 293 
81 33 30 30 59 124 243 315 
70 33 29 34 66 155 249 274 
77 33 29 38 68 152 239 302 
87 35 30 37 66 149 221 314 
74 33 28 35 61 138 159 289 
73 32 28 36 58 127 150 255 
94 36 27 41 60 108 181 274 
97 40 26 38 61 120 182 274 
90 39 25 42 65 130 194 324 
91 40 27 44 67 128 181 328 
93 40 24 44 71 133 184 356 
74 35 23 43 77 142 152 353 
60 28 23 44 77 131 170 356 
61 28 26 42 76 127 171 336 
60 28 27 42 78 154 182 340 
59 27 26 42 72 149 193 316 
61 26 27 37 54 128 189 306 
59 29 26 34 69 133 160 341 
51 28 26 33 69 127 142 290 
