19 23 19 20 29 23 22 20 
19 20 21 20 29 24 22 19 
18 18 22 23 25 22 21 19 
19 17 23 22 22 23 22 18 
18 15 24 22 21 22 23 20 
20 15 23 25 22 20 23 20 
20 16 22 26 25 20 25 21 
22 18 21 25 24 20 25 21 
23 20 20 25 26 21 22 21 
21 21 24 26 26 20 22 19 
21 21 25 24 25 22 24 21 
22 23 25 24 25 21 20 19 
21 22 27 24 27 23 24 19 
20 21 27 24 27 23 23 20 
22 21 26 22 29 23 24 21 
22 22 25 23 29 24 23 19 
22 18 23 22 29 25 25 19 
19 17 21 21 27 27 23 18 
20 18 20 23 26 27 24 19 
22 17 22 23 26 28 24 20 
20 17 22 21 27 24 22 20 
20 17 22 20 25 26 20 20 
20 18 22 22 27 25 20 23 
24 19 24 22 25 25 21 23 
20 20 22 21 23 24 21 22 
22 19 23 22 23 25 24 22 
20 19 24 24 24 24 24 20 
22 18 23 23 24 23 22 17 
19 18 21 24 24 23 20 19 
19 17 19 26 54 80 42 19 
20 19 22 31 81 103 66 23 
25 20 22 32 86 113 84 67 
29 22 27 38 118 186 127 81 
30 22 28 42 125 198 140 99 
39 27 32 52 157 242 163 118 
40 26 31 54 160 250 171 139 
37 26 32 57 163 254 184 132 
37 24 27 54 144 212 169 133 
39 26 28 52 143 214 167 148 
33 23 23 44 107 174 205 164 
33 24 22 37 92 161 213 156 
39 25 21 33 81 150 197 154 
38 27 21 32 81 151 208 154 
37 27 22 32 76 136 220 149 
38 26 24 33 58 100 168 126 
44 27 25 31 52 88 170 139 
42 27 24 29 50 83 183 155 
42 43 27 27 46 76 171 158 
44 44 27 29 54 85 153 148 
45 46 25 26 57 84 213 142 
56 69 35 27 54 102 301 155 
64 76 38 29 57 107 379 161 
68 74 41 30 56 110 425 159 
71 75 40 28 43 101 432 155 
74 75 41 28 42 121 452 163 
82 89 75 29 42 121 464 269 
82 85 77 37 72 165 408 273 
96 98 78 42 80 173 373 279 
97 110 79 42 81 176 406 281 
107 130 81 43 81 180 426 340 
105 129 49 41 81 191 475 285 
106 128 44 33 60 161 496 280 
107 127 36 27 50 155 493 290 
109 133 97 28 56 165 533 327 
106 118 99 33 64 161 507 294 
103 115 100 33 64 133 421 259 
102 145 104 34 63 126 437 263 
91 164 108 34 65 121 435 254 
87 161 66 33 62 104 416 246 
100 172 90 30 55 100 533 245 
98 177 87 30 54 114 581 258 
107 178 100 35 51 125 605 268 
109 160 104 38 51 158 721 263 
112 173 102 41 49 174 748 239 
127 208 104 45 62 176 715 305 
133 203 114 45 62 171 666 318 
121 185 103 43 60 167 691 309 
125 198 102 43 63 167 674 374 
124 198 110 40 63 164 615 395 
94 178 113 35 50 164 558 336 
104 193 107 38 57 160 591 372 
108 215 106 37 57 159 526 369 
100 205 100 38 66 157 513 337 
114 201 92 38 64 151 540 434 
116 198 74 39 65 179 549 429 
104 188 74 44 62 218 536 391 
108 179 75 45 68 223 523 398 
110 174 75 44 68 225 427 387 
113 198 94 55 111 247 417 358 
116 209 105 57 116 238 423 417 
119 224 109 55 118 218 403 450 
117 211 107 57 117 223 421 506 
119 248 119 60 115 214 408 511 
107 225 116 50 83 183 378 476 
120 228 132 48 83 185 385 542 
114 219 126 46 81 183 407 566 
113 222 128 48 125 234 398 529 
113 196 128 47 124 253 426 562 
126 199 119 50 127 269 451 582 
118 166 78 47 122 263 410 494 
134 184 106 50 131 264 365 468 
136 190 106 47 92 233 388 448 
147 189 112 45 86 224 344 482 
169 237 113 44 81 204 290 468 
165 236 112 47 83 192 359 470 
150 207 84 44 70 188 425 438 
151 199 85 55 143 221 422 461 
141 185 74 54 154 210 440 404 
110 144 82 58 156 221 444 339 
130 156 86 57 157 227 381 377 
142 156 88 59 158 222 365 428 
140 154 85 52 124 179 331 413 
143 164 108 55 120 173 295 376 
151 184 106 51 116 166 294 406 
132 170 105 49 113 175 305 345 
122 182 106 47 116 196 251 271 
120 190 107 40 99 188 245 261 
141 201 88 79 88 189 244 295 
139 163 80 83 86 195 244 275 
138 178 80 85 90 190 232 276 
143 186 89 91 100 166 200 292 
153 192 180 102 93 157 173 328 
132 177 182 88 104 184 216 300 
117 171 186 86 119 185 224 293 
115 210 306 102 120 183 219 283 
106 200 318 101 175 205 221 269 
95 192 289 93 208 248 233 238 
87 185 285 94 239 253 289 258 
76 181 291 93 239 249 272 235 
82 115 172 86 255 322 311 360 
85 98 145 87 235 327 324 385 
97 99 124 90 218 293 329 398 
122 104 124 96 204 290 271 410 
144 131 110 101 205 290 344 458 
145 129 88 99 200 223 320 412 
176 172 123 111 192 229 314 410 
213 235 157 121 210 280 353 388 
215 249 188 109 187 263 340 389 
212 237 188 110 192 266 292 390 
215 236 192 115 205 293 300 355 
197 211 192 99 200 273 313 391 
155 144 181 85 164 226 257 434 
149 110 145 86 187 240 246 464 
148 108 141 79 187 242 225 469 
165 114 142 69 152 183 207 491 
181 121 126 70 149 244 182 463 
183 110 102 69 153 242 190 451 
186 123 117 66 129 232 188 413 
187 125 124 78 106 224 176 434 
186 122 120 75 130 231 177 423 
177 118 103 74 149 205 178 420 
185 123 97 76 153 224 191 451 
209 116 84 78 161 221 211 537 
215 111 68 65 162 219 211 542 
207 109 65 73 155 226 208 551 
219 109 75 77 157 198 202 548 
211 94 72 78 152 189 194 524 
183 101 67 76 152 211 178 505 
189 110 65 75 152 216 186 455 
183 104 58 67 142 225 187 486 
197 123 79 64 135 253 191 500 
192 123 79 67 141 253 175 516 
200 111 76 67 140 241 241 474 
206 103 85 70 148 238 243 494 
204 105 85 75 158 282 269 464 
179 64 54 69 135 267 274 447 
233 74 61 64 128 270 273 400 
246 86 68 72 133 278 230 352 
230 88 71 79 188 363 249 341 
231 88 71 75 180 330 236 314 
231 92 69 76 181 318 246 356 
186 93 68 74 186 340 252 349 
156 82 63 59 181 369 251 355 
145 79 51 47 132 293 235 395 
138 80 49 60 164 303 225 381 
120 73 50 62 169 314 214 342 
98 59 43 69 182 323 232 365 
98 56 45 76 204 290 234 345 
106 50 50 78 198 288 225 245 
129 59 54 68 180 269 229 288 
131 64 67 81 229 311 242 299 
136 67 74 74 233 287 238 286 
153 75 77 70 220 312 262 289 
154 75 73 82 220 316 282 368 
143 75 72 83 212 318 278 353 
143 71 60 69 167 291 283 320 
138 70 52 73 150 277 260 319 
128 82 55 73 129 222 227 329 
126 84 74 64 136 225 241 358 
128 76 76 67 147 216 255 384 
144 79 76 66 130 176 230 431 
145 84 80 66 113 159 236 425 
145 68 72 69 133 214 238 509 
144 64 52 68 141 225 210 442 
139 66 49 61 126 229 187 453 
114 65 50 69 147 251 230 437 
113 61 43 67 151 259 241 437 
118 57 38 61 136 230 238 369 
116 66 40 54 117 202 227 353 
120 65 38 58 155 231 228 307 
124 61 35 49 136 205 189 333 
135 67 35 48 146 231 167 346 
115 67 40 47 147 224 177 316 
115 59 37 50 148 249 181 348 
115 56 40 48 121 225 178 340 
157 58 39 48 154 275 184 297 
150 48 39 52 149 254 189 289 
157 49 35 54 163 271 194 292 
155 44 33 52 168 280 238 258 
157 46 30 54 161 272 238 355 
116 45 31 56 134 243 227 354 
108 45 32 53 137 276 238 349 
98 43 31 50 115 262 263 334 
106 51 30 47 99 228 224 461 
103 47 29 44 103 252 228 389 
106 46 29 42 103 248 231 384 
121 43 25 40 90 205 218 385 
124 53 33 42 85 193 200 391 
115 47 36 58 168 310 254 252 
107 51 37 60 170 297 285 256 
94 58 41 62 167 284 281 250 
81 61 40 62 169 282 300 255 
75 54 36 64 188 314 290 303 
82 57 36 56 151 235 250 285 
88 56 37 54 152 231 217 291 
89 47 32 49 162 248 219 301 
98 48 34 49 161 242 192 346 
98 52 36 48 142 210 180 317 
106 60 42 45 108 162 186 313 
115 86 41 45 116 162 173 313 
115 88 41 50 106 127 186 297 
110 89 41 50 102 127 194 243 
116 90 39 49 98 114 190 284 
105 87 31 51 100 127 181 296 
87 60 34 51 81 111 181 287 
97 60 38 47 67 110 161 308 
126 124 46 47 67 114 156 310 
123 126 47 43 61 105 149 273 
121 125 46 38 57 82 123 265 
118 126 43 33 47 74 113 248 
118 139 44 34 39 70 110 230 
91 94 38 34 39 59 96 204 
89 97 37 36 44 55 92 182 
97 102 37 35 40 66 110 191 
99 101 39 37 42 71 125 213 
87 83 33 34 48 76 135 237 
77 71 31 33 48 84 145 285 
69 54 31 33 46 93 153 277 
60 41 31 35 49 91 154 283 
60 41 30 32 45 91 160 275 
71 49 33 35 40 90 179 303 
75 50 32 35 41 86 172 292 
78 52 34 35 42 83 165 300 
80 52 35 35 40 85 158 297 
85 51 34 33 41 88 164 303 
97 71 31 32 43 92 150 277 
94 83 34 32 45 90 169 265 
93 85 34 30 44 87 185 260 
94 85 32 27 46 92 187 286 
90 85 31 28 52 94 178 287 
81 70 29 28 50 84 211 375 
83 58 30 27 46 84 194 367 
84 55 27 27 44 85 229 367 
81 54 31 31 44 75 234 372 
77 57 33 32 39 75 230 417 
77 45 33 32 46 91 195 334 
75 40 28 31 46 95 200 347 
75 39 28 32 48 96 177 363 
78 45 25 28 44 107 190 372 
78 44 23 26 44 102 185 318 
69 44 23 24 35 94 184 309 
71 43 22 26 41 103 198 317 
73 43 24 24 43 106 186 347 
77 38 24 24 45 104 180 330 
85 36 28 34 53 126 186 322 
88 33 27 36 59 129 184 334 
95 35 29 37 57 121 187 321 
92 34 28 38 57 125 183 260 
85 36 33 40 64 122 181 234 
79 31 29 32 56 103 181 256 
72 31 32 31 53 123 205 294 
56 29 29 28 53 130 208 327 
54 29 30 28 50 122 217 332 
53 25 24 24 42 121 206 342 
52 29 29 25 58 139 215 373 
55 31 27 26 59 119 192 336 
55 30 28 29 59 111 179 305 
57 32 30 33 76 115 184 318 
76 34 32 39 80 120 183 336 
76 32 32 42 74 102 197 290 
87 32 32 43 72 106 209 335 
86 33 33 45 75 106 195 318 
91 32 31 42 59 103 180 301 
79 29 30 39 51 93 183 304 
77 27 25 35 45 95 207 313 
63 28 25 32 44 84 200 253 
62 26 25 31 53 112 221 263 
59 28 26 34 58 120 209 263 
59 29 25 31 58 119 207 221 
67 30 26 35 62 118 173 243 
