38 24 30 49 46 43 35 30 
36 24 28 49 51 45 40 28 
36 24 26 47 53 43 45 29 
37 23 28 36 56 45 46 34 
44 24 28 36 59 48 47 35 
49 25 29 32 56 44 47 37 
54 24 31 31 54 43 44 38 
51 26 31 31 51 47 39 40 
49 26 25 35 56 42 41 37 
41 26 28 35 50 49 45 39 
39 27 27 36 48 49 42 33 
43 27 28 36 47 52 45 32 
42 26 29 38 55 50 47 27 
42 24 29 35 53 52 44 26 
44 27 30 37 56 42 40 25 
40 26 30 33 55 41 36 28 
27 26 27 33 57 37 34 32 
29 26 28 35 48 34 33 34 
28 26 31 39 39 37 33 33 
25 24 30 37 38 39 33 33 
26 24 30 38 41 39 33 32 
43 24 31 39 40 37 34 28 
44 24 28 36 41 38 33 25 
45 24 29 34 52 36 32 26 
45 23 27 34 51 40 32 22 
46 23 27 36 55 40 39 23 
33 22 25 39 56 42 40 27 
30 20 33 45 60 44 40 28 
26 21 30 48 52 42 43 29 
27 21 30 50 58 35 48 29 
29 23 31 50 57 34 42 26 
30 23 33 46 62 52 44 24 
30 27 25 47 66 56 46 26 
36 25 27 45 65 57 43 28 
37 26 27 41 65 61 40 28 
38 24 25 43 61 65 46 33 
42 27 27 45 62 66 54 36 
47 23 28 39 58 70 59 37 
47 26 28 37 64 84 68 55 
51 26 32 40 67 113 79 94 
55 26 32 39 71 133 84 121 
55 30 29 36 70 133 80 139 
55 38 31 50 104 146 80 145 
61 43 37 58 130 160 85 177 
64 72 44 58 127 145 84 186 
65 80 46 57 127 130 91 177 
65 81 46 59 134 164 105 185 
67 79 49 61 151 178 122 205 
60 77 45 54 131 167 139 203 
55 55 35 51 134 169 189 227 
81 105 63 51 132 173 239 236 
85 158 67 52 126 138 367 343 
85 160 65 35 71 100 375 348 
85 162 66 35 67 100 376 335 
86 161 66 35 67 97 364 339 
85 158 55 38 68 123 497 349 
83 129 82 38 63 138 451 276 
88 130 81 43 68 149 470 287 
93 137 84 42 62 147 470 286 
94 150 87 42 56 157 527 267 
76 138 82 41 58 151 478 268 
88 196 92 50 64 300 530 290 
82 196 97 54 66 328 560 278 
82 194 100 56 72 332 572 318 
80 200 99 58 71 329 553 329 
107 215 128 59 74 409 703 415 
99 175 114 59 81 332 667 387 
122 217 134 64 78 316 703 468 
140 223 147 66 78 367 857 519 
145 217 155 65 79 373 982 515 
132 202 149 75 101 290 902 444 
139 207 158 72 98 316 999 472 
142 188 164 64 105 352 995 409 
150 233 224 65 110 318 954 318 
171 292 268 84 119 469 950 373 
168 296 273 84 108 527 954 373 
166 309 282 85 107 522 924 353 
184 365 278 85 102 531 947 358 
176 344 225 85 102 532 913 407 
158 329 181 82 101 443 820 362 
168 341 174 76 106 405 802 451 
179 324 144 74 112 385 749 475 
144 269 130 72 108 326 685 451 
130 259 127 72 119 313 629 408 
137 207 98 55 131 278 649 431 
127 215 127 54 126 231 578 346 
118 252 132 55 121 221 547 300 
117 248 138 59 122 240 550 362 
116 250 139 59 127 240 570 351 
119 252 143 69 148 240 536 341 
124 223 115 68 146 239 562 426 
117 210 127 64 144 241 540 429 
121 183 119 63 155 278 521 389 
129 176 120 74 163 319 517 416 
129 232 158 66 162 343 538 472 
153 263 184 68 160 356 635 456 
155 238 178 77 161 368 673 457 
154 240 181 82 160 363 781 462 
179 254 187 82 147 340 805 549 
178 271 168 84 120 314 786 555 
154 250 136 90 124 281 737 520 
155 243 130 83 139 295 696 509 
164 241 124 90 191 342 581 580 
163 268 114 83 188 328 566 564 
175 324 104 78 185 311 506 588 
178 324 85 72 192 353 460 574 
172 324 77 83 193 333 450 590 
158 330 73 76 150 252 407 544 
136 308 101 78 166 308 351 467 
117 296 98 81 166 304 321 332 
118 292 97 79 159 286 281 337 
119 289 104 69 157 300 301 309 
118 287 123 65 147 287 299 280 
128 288 95 64 120 223 261 272 
122 246 85 65 132 231 275 284 
123 249 86 72 185 319 321 263 
130 255 90 80 218 382 349 290 
149 302 86 77 224 394 376 275 
133 290 87 75 233 401 368 262 
142 261 91 79 241 419 372 242 
139 254 92 73 212 357 328 252 
132 248 80 69 185 280 298 272 
123 287 109 70 180 274 265 253 
136 300 113 68 174 260 258 249 
119 265 113 63 160 247 249 255 
115 264 113 59 163 250 262 288 
135 279 124 59 149 230 232 270 
125 181 104 54 139 233 227 258 
112 159 102 55 137 237 226 260 
134 169 101 66 166 237 215 285 
135 166 101 67 158 198 184 237 
118 129 88 66 174 200 168 201 
115 107 64 70 187 220 222 237 
174 293 114 76 202 258 365 400 
178 340 131 65 172 236 428 520 
187 348 133 76 175 246 445 597 
187 357 135 72 158 244 450 615 
191 363 137 68 146 227 480 632 
165 301 114 61 126 201 434 564 
160 245 100 60 127 195 387 579 
149 237 97 43 110 199 416 524 
174 226 110 55 127 200 417 537 
179 216 105 61 127 202 366 560 
180 114 89 60 129 192 310 631 
182 98 82 59 131 213 298 561 
194 100 89 63 126 192 236 625 
192 91 75 64 101 191 250 658 
187 98 90 67 103 181 272 663 
213 102 96 69 94 183 266 656 
241 107 94 74 84 161 296 642 
237 99 106 81 97 170 306 570 
234 95 102 78 105 177 329 514 
235 88 91 74 119 174 317 471 
198 95 86 75 140 161 353 382 
173 91 84 71 148 171 330 424 
183 119 70 70 151 179 337 444 
185 122 70 72 148 183 322 447 
197 124 66 75 177 226 297 484 
203 114 79 76 169 244 266 492 
243 120 94 80 204 284 337 437 
236 98 87 76 218 297 361 424 
238 100 105 73 258 357 541 439 
234 97 110 71 231 336 544 371 
253 110 203 79 229 323 541 444 
230 113 210 74 197 296 528 432 
256 112 212 68 185 310 518 436 
261 117 210 65 134 233 325 447 
274 126 217 60 132 217 322 475 
258 124 132 53 137 213 337 403 
241 121 116 58 154 248 292 416 
226 112 114 62 142 210 267 412 
215 102 102 60 162 223 295 365 
206 103 107 58 165 236 307 337 
189 95 145 65 174 277 282 303 
182 90 148 66 187 299 398 318 
181 91 147 66 197 316 397 329 
186 93 149 75 200 340 364 336 
177 80 140 92 218 376 397 381 
185 72 94 84 215 354 418 382 
193 70 93 91 223 305 382 388 
170 69 94 92 220 315 490 385 
173 63 104 85 197 276 494 378 
169 62 106 81 190 254 563 354 
167 62 106 80 183 250 558 342 
154 58 98 89 155 257 515 306 
158 58 99 88 160 231 450 371 
131 63 93 89 177 245 450 395 
138 68 112 82 161 217 316 362 
133 65 109 91 188 256 327 379 
124 63 113 73 182 268 317 382 
148 62 119 79 174 255 260 309 
161 100 291 105 172 311 271 301 
162 102 298 119 207 354 386 315 
192 108 302 119 191 348 397 322 
193 107 301 120 191 341 418 318 
182 110 300 123 193 352 417 302 
186 81 141 104 181 320 441 271 
181 79 110 92 152 273 358 276 
147 75 167 80 139 245 326 261 
147 82 166 82 168 285 301 228 
134 79 165 69 167 281 293 216 
121 72 161 68 181 260 290 225 
146 64 154 59 169 253 271 226 
145 58 80 66 184 263 309 219 
172 52 70 62 153 208 315 229 
188 62 67 64 154 213 323 244 
180 65 70 59 140 214 293 292 
155 63 69 57 140 219 317 302 
169 71 65 71 138 224 287 310 
140 69 65 69 134 218 285 307 
144 59 66 71 139 237 319 308 
143 52 57 73 131 228 301 259 
147 59 53 75 131 218 276 245 
127 47 51 58 129 213 268 220 
136 51 55 63 128 206 252 249 
126 60 60 60 112 167 200 260 
128 66 63 61 114 175 198 248 
129 88 86 67 112 169 178 236 
130 95 94 80 108 155 163 250 
113 94 90 81 138 201 163 224 
94 89 83 80 136 197 145 210 
108 95 85 81 131 181 126 250 
116 103 74 77 128 178 129 234 
116 98 69 68 107 158 108 222 
115 97 78 65 64 85 90 235 
113 98 102 80 65 77 77 212 
91 92 98 78 65 76 71 165 
65 65 104 81 65 70 60 168 
70 65 155 87 66 67 54 190 
76 78 199 98 64 56 51 194 
76 78 198 87 54 48 53 218 
82 83 201 86 51 46 58 224 
82 101 200 82 50 58 75 235 
82 114 198 70 44 62 79 230 
87 122 165 52 36 62 84 237 
84 140 164 51 38 64 81 226 
81 137 165 49 45 66 81 235 
75 121 161 51 45 53 74 218 
68 109 116 48 46 49 73 233 
54 94 91 42 46 48 72 212 
61 69 73 43 43 45 87 230 
54 68 62 37 36 48 90 207 
58 63 52 32 42 60 93 218 
61 61 44 33 40 63 95 206 
60 56 41 37 40 67 90 192 
51 46 35 36 42 70 79 164 
56 42 30 36 45 68 71 218 
54 38 37 36 44 61 67 228 
47 36 37 35 47 61 73 221 
52 32 35 34 47 61 73 235 
58 33 37 36 49 61 74 258 
54 29 35 35 48 60 83 266 
54 27 28 37 46 58 80 274 
53 29 26 36 44 57 71 276 
48 30 28 36 43 57 81 271 
41 29 25 40 42 62 98 261 
46 28 25 42 38 78 104 276 
44 27 24 39 37 86 115 264 
41 26 23 40 38 83 116 249 
53 29 23 38 43 87 123 294 
58 28 24 31 45 96 191 348 
58 33 24 35 48 88 189 334 
59 34 29 36 47 80 184 338 
64 34 29 37 47 81 188 343 
58 31 29 41 46 83 185 330 
54 33 31 45 44 103 127 272 
51 29 32 41 44 103 126 236 
56 29 27 42 46 107 124 220 
50 28 30 42 47 111 131 214 
51 27 28 38 44 120 158 220 
55 26 27 33 45 97 192 218 
54 26 26 35 44 99 248 239 
47 24 28 35 40 101 248 234 
60 26 26 34 46 104 245 265 
83 26 29 36 48 100 271 325 
84 27 30 43 52 130 284 359 
92 29 31 42 55 161 265 340 
99 33 34 44 61 170 290 360 
105 40 35 44 58 186 351 365 
99 44 34 45 62 187 351 307 
100 43 30 43 59 173 343 270 
96 43 33 42 61 144 331 291 
94 40 27 40 63 144 324 279 
82 35 28 40 61 123 268 307 
71 31 29 42 63 130 231 292 
67 32 32 39 64 132 208 303 
85 33 33 41 62 135 247 330 
