19 21 23 27 41 32 24 25 
19 20 25 30 41 30 22 22 
19 21 25 27 40 31 24 23 
19 23 23 30 42 30 27 25 
20 24 23 32 45 30 26 25 
21 25 23 31 47 29 26 22 
21 26 21 28 43 27 29 21 
21 27 24 28 42 29 26 20 
20 23 23 24 39 32 25 18 
20 22 23 23 35 30 26 23 
21 23 24 23 34 27 26 22 
21 21 25 27 34 29 22 21 
22 20 24 29 35 27 27 25 
21 24 23 31 37 28 27 27 
23 25 21 31 36 27 25 23 
20 24 24 33 36 28 28 23 
24 26 23 31 35 29 31 24 
24 25 23 31 32 29 29 22 
25 22 23 30 31 29 31 21 
24 24 26 30 35 33 35 31 
29 24 24 35 43 62 57 52 
28 24 25 37 61 73 61 56 
30 26 24 36 64 85 61 61 
31 26 25 38 67 90 65 63 
31 25 26 54 120 135 70 62 
29 25 26 53 128 135 72 57 
31 26 28 55 133 163 85 102 
29 26 30 60 157 200 104 129 
28 26 30 60 173 212 104 133 
28 24 27 47 146 199 120 145 
34 27 27 43 144 199 119 148 
34 23 25 41 137 189 133 137 
37 24 22 32 108 159 126 119 
39 23 22 31 83 154 127 130 
47 27 25 33 80 142 199 162 
46 26 26 34 70 143 229 176 
51 29 24 32 65 134 236 183 
49 26 27 34 66 127 244 185 
50 34 28 39 77 149 288 193 
43 30 26 36 72 151 247 198 
64 95 39 36 69 145 256 215 
64 120 55 35 67 150 364 303 
70 125 66 46 73 147 426 351 
71 125 68 42 50 128 440 349 
83 135 74 46 53 162 503 371 
86 140 71 46 51 165 528 403 
90 133 68 48 57 167 523 341 
95 150 60 37 56 194 604 333 
97 154 59 48 72 193 669 369 
96 162 87 47 74 178 675 343 
100 170 98 48 83 233 732 302 
102 165 101 49 84 241 754 346 
105 167 115 53 84 256 783 330 
123 242 201 45 74 256 745 305 
123 245 206 45 77 251 718 294 
110 221 205 45 72 205 647 313 
109 222 202 43 67 201 652 296 
113 220 197 54 87 220 569 302 
103 155 145 57 91 242 623 303 
110 146 131 57 85 252 629 300 
117 156 136 57 88 264 699 300 
120 173 139 68 97 315 666 299 
120 167 163 58 80 291 720 297 
116 184 146 58 80 282 657 284 
117 258 145 57 87 282 723 360 
110 271 141 61 98 276 688 350 
127 281 168 58 99 246 736 477 
123 301 152 63 109 241 661 492 
134 341 160 63 107 243 655 494 
131 300 159 68 105 239 562 443 
131 298 181 70 104 256 543 452 
117 286 156 72 125 270 474 309 
115 265 145 66 119 275 434 262 
112 189 123 63 116 264 421 267 
114 170 112 60 113 260 431 266 
120 165 85 53 101 271 450 229 
112 155 84 41 87 242 409 245 
109 158 85 47 88 221 389 281 
113 166 83 46 98 222 393 305 
100 166 81 45 114 223 369 311 
91 145 80 43 114 197 289 310 
93 141 81 41 108 169 273 287 
91 181 82 36 106 181 281 247 
74 170 84 36 100 170 343 197 
87 209 132 32 79 158 371 188 
94 211 124 33 78 134 360 208 
93 218 124 35 83 147 344 241 
98 184 130 34 89 126 362 250 
99 177 128 33 86 126 279 249 
89 130 78 41 102 229 357 273 
80 118 65 47 117 255 471 271 
78 111 63 44 107 250 580 239 
128 196 88 50 104 259 585 285 
126 205 93 55 137 360 615 285 
129 206 92 53 132 317 598 279 
146 307 123 49 124 294 521 424 
143 312 123 53 134 287 425 427 
105 270 99 48 127 282 429 406 
105 278 95 44 94 129 395 418 
107 275 96 46 122 117 366 424 
94 162 53 50 123 122 360 327 
99 153 49 57 121 150 328 311 
90 140 88 63 123 142 289 310 
86 102 94 74 126 157 279 364 
79 92 93 83 147 182 266 355 
66 78 93 82 153 189 263 314 
59 64 93 75 154 175 275 326 
58 47 56 70 155 177 302 314 
62 47 42 58 168 190 292 243 
71 51 42 41 125 154 245 271 
81 48 44 44 119 162 241 298 
80 49 47 44 107 154 230 285 
82 51 47 43 105 158 175 281 
80 65 43 45 97 153 186 305 
77 64 41 45 100 161 188 270 
69 64 38 40 96 183 194 233 
69 62 35 42 101 188 200 226 
72 74 36 50 109 191 208 222 
71 59 35 52 106 186 205 252 
92 58 39 59 129 200 221 322 
99 63 40 63 144 193 218 329 
101 71 42 60 144 196 223 329 
102 60 42 59 151 204 225 327 
103 60 41 59 159 208 242 324 
90 63 35 49 140 200 243 257 
88 62 36 52 125 201 257 249 
87 55 34 57 135 218 292 249 
86 50 34 52 125 205 295 310 
90 52 35 52 121 205 282 266 
79 48 35 53 125 205 283 281 
78 54 34 47 132 191 269 270 
75 54 34 49 140 231 261 277 
69 53 33 56 163 301 291 223 
69 53 35 57 164 305 302 262 
75 68 36 55 159 297 296 255 
75 64 38 55 158 310 312 262 
78 66 39 53 163 327 305 259 
86 67 36 47 141 287 294 291 
85 65 35 43 126 273 286 240 
81 47 38 45 134 297 290 220 
77 52 41 52 159 325 299 211 
82 57 44 50 156 308 315 206 
88 65 49 51 157 289 294 229 
86 68 51 63 176 364 381 230 
92 69 49 64 182 360 385 235 
92 65 48 57 154 324 364 258 
89 57 43 53 133 294 360 275 
76 50 43 55 146 314 388 201 
77 53 39 39 125 227 335 205 
67 52 39 38 106 201 320 206 
74 49 32 39 103 187 376 182 
78 50 38 54 158 252 361 204 
80 50 34 50 141 227 353 216 
75 51 35 53 142 221 331 251 
79 50 34 56 152 241 377 258 
71 49 36 61 170 283 324 263 
73 52 28 50 126 220 326 238 
83 50 29 52 128 229 316 232 
82 48 28 50 120 229 309 201 
79 51 30 48 120 229 250 197 
80 56 32 43 97 188 236 187 
73 54 33 41 89 186 228 233 
61 53 32 41 88 183 197 251 
66 65 35 44 103 204 206 259 
66 63 32 39 93 182 207 265 
71 62 35 37 101 207 216 285 
70 62 36 36 101 197 193 269 
72 71 44 33 101 189 207 279 
75 57 42 33 106 180 200 286 
78 65 43 34 107 187 208 273 
75 63 38 32 100 164 219 273 
81 70 38 33 109 190 229 263 
79 62 31 33 105 188 225 235 
75 59 31 30 91 176 221 209 
69 49 32 31 92 171 222 213 
81 53 33 30 88 156 202 208 
80 50 34 30 77 127 185 186 
77 53 31 30 76 124 177 201 
74 53 30 32 68 149 185 196 
78 54 30 36 76 152 184 228 
80 70 34 38 78 147 177 217 
80 70 33 39 74 143 167 220 
81 70 33 41 83 147 164 203 
82 69 32 39 86 132 211 215 
85 69 31 39 82 123 197 175 
70 65 27 38 75 121 199 147 
69 100 34 37 80 120 200 135 
69 121 41 36 74 115 196 144 
108 126 74 47 71 93 128 362 
111 130 77 43 61 90 125 393 
115 128 81 44 62 85 116 401 
128 124 81 44 63 86 111 409 
130 122 80 45 67 96 113 429 
105 119 51 33 67 124 98 274 
97 119 46 32 65 117 93 221 
101 160 42 31 66 120 95 214 
81 147 36 32 63 136 100 208 
107 250 95 34 61 132 95 193 
111 265 103 35 60 110 87 170 
112 268 105 44 97 152 86 171 
106 244 107 47 104 154 109 162 
108 243 108 46 104 138 106 223 
83 142 63 43 102 140 108 202 
75 120 56 42 101 139 130 212 
82 131 100 37 67 111 129 241 
83 133 105 35 64 122 109 270 
81 130 108 34 62 122 112 290 
73 110 109 36 72 128 143 310 
68 132 106 36 71 131 129 307 
63 116 63 32 72 125 136 299 
64 119 51 31 64 120 154 309 
62 119 41 33 82 133 177 271 
72 120 37 32 85 143 182 257 
80 97 37 34 90 142 204 268 
90 116 39 32 93 146 218 287 
89 112 39 34 97 149 213 256 
89 114 43 36 81 141 207 257 
83 109 39 41 87 160 200 256 
71 97 38 39 85 158 186 249 
54 73 40 39 80 144 164 246 
56 66 40 39 94 156 188 260 
54 60 36 40 99 159 213 244 
55 57 36 32 91 126 197 227 
58 57 36 34 90 130 202 224 
64 43 31 38 90 144 216 186 
61 49 30 37 78 134 208 151 
60 47 31 33 73 127 173 224 
60 55 31 34 76 145 205 241 
60 53 32 35 96 175 206 236 
52 51 36 32 98 167 203 254 
50 44 32 33 94 167 189 253 
53 43 30 35 93 171 203 188 
48 30 32 37 86 156 172 176 
46 44 30 33 62 130 178 180 
51 46 28 35 60 143 203 177 
58 58 29 36 65 133 201 178 
60 60 29 35 68 128 186 176 
62 60 30 32 69 132 214 185 
68 53 32 34 70 123 205 205 
75 57 32 34 80 157 183 254 
67 50 35 31 74 161 225 268 
67 55 37 30 76 163 225 259 
65 56 36 33 75 162 197 245 
63 53 34 31 78 165 261 262 
56 47 32 35 73 143 259 225 
62 48 28 35 73 142 223 245 
56 41 27 34 68 139 227 248 
58 40 25 33 61 133 265 307 
60 47 29 34 60 132 200 280 
64 58 30 28 52 109 212 277 
59 55 31 28 50 101 221 267 
58 58 29 28 56 111 210 271 
59 60 29 27 60 124 160 209 
58 55 26 26 61 128 159 222 
51 41 23 26 58 123 151 216 
52 37 20 28 57 122 137 199 
53 30 21 33 59 115 135 216 
53 26 21 33 66 109 156 224 
49 26 23 31 61 103 157 231 
