18 24 21 19 22 22 21 24 
18 26 24 23 23 20 20 23 
22 32 23 23 22 20 21 23 
21 30 24 25 22 20 20 23 
23 28 26 25 21 20 23 23 
25 28 27 26 21 29 23 24 
24 30 27 23 22 30 24 22 
23 25 27 23 23 30 21 25 
23 27 26 22 23 29 21 26 
22 29 31 22 24 30 18 26 
20 29 31 21 26 24 21 27 
20 27 31 22 23 23 21 28 
18 29 32 21 22 22 21 26 
20 29 31 21 23 23 21 26 
20 29 27 19 22 21 21 25 
21 29 26 19 26 22 18 22 
23 29 26 19 26 23 20 21 
23 28 25 18 26 24 23 21 
20 27 25 17 25 24 24 19 
29 37 26 19 26 24 24 22 
32 38 28 19 22 24 24 22 
32 40 29 20 24 25 23 24 
35 39 28 21 41 76 51 25 
36 40 28 27 53 84 58 31 
30 30 23 27 54 87 63 38 
36 39 23 27 55 89 65 38 
37 37 21 30 80 119 77 39 
36 38 22 33 103 140 80 82 
37 38 25 31 101 144 96 84 
37 39 25 31 101 146 109 103 
51 28 26 41 115 160 132 126 
72 30 27 44 122 179 144 133 
84 38 32 42 106 160 160 145 
90 57 30 42 108 156 166 152 
91 58 31 42 109 158 170 150 
84 59 28 33 98 149 177 139 
66 59 28 27 70 114 177 138 
54 54 23 27 59 98 178 159 
51 50 22 27 51 103 204 162 
47 51 21 25 45 100 199 161 
44 50 24 30 43 95 183 158 
44 49 25 29 39 76 181 164 
49 53 25 28 39 83 247 183 
47 45 27 26 40 82 309 216 
50 44 27 26 44 91 353 233 
50 47 24 18 39 90 365 243 
74 95 24 20 39 102 393 245 
86 125 24 23 45 111 420 212 
86 135 28 26 42 105 377 200 
86 136 27 26 38 95 358 174 
87 139 28 30 42 92 353 167 
73 124 28 31 43 102 385 172 
89 106 59 30 41 89 345 218 
96 105 68 33 43 98 339 222 
96 106 72 34 47 100 336 233 
104 121 75 34 46 110 368 252 
117 181 113 40 44 125 505 260 
99 179 106 41 42 131 528 212 
97 174 109 41 43 127 529 180 
102 177 119 42 38 175 685 203 
103 206 124 42 41 184 741 255 
97 175 98 37 47 167 657 252 
96 173 97 36 45 170 673 254 
99 177 123 32 46 172 701 276 
114 185 127 37 57 158 644 280 
111 174 148 35 55 160 600 252 
113 161 169 38 50 168 579 257 
118 170 170 38 53 192 642 344 
121 175 151 42 55 196 695 399 
112 173 140 44 53 186 635 397 
114 158 115 46 59 186 610 380 
106 217 117 46 61 186 644 375 
97 235 141 47 65 176 554 318 
112 237 152 48 66 177 498 255 
116 235 152 42 61 173 509 257 
115 229 150 40 65 167 522 268 
131 188 131 39 73 197 560 369 
135 158 100 38 69 191 566 370 
120 160 101 37 71 202 520 370 
115 168 105 42 73 214 499 362 
121 180 107 45 85 225 488 358 
125 179 128 46 80 189 372 274 
121 191 132 60 128 182 313 273 
116 181 113 59 129 203 308 277 
110 174 109 57 135 204 288 318 
101 165 109 54 124 188 253 375 
101 163 93 52 124 218 311 393 
97 143 87 53 114 232 312 383 
123 142 90 58 148 290 389 376 
129 161 91 58 145 295 390 331 
127 151 92 61 150 307 401 256 
106 125 59 64 159 304 350 206 
115 128 61 59 149 290 362 322 
93 132 97 52 114 198 261 308 
92 98 108 54 119 168 212 324 
86 89 120 52 126 198 267 326 
95 103 127 57 124 194 271 346 
101 124 124 48 115 204 248 293 
97 133 136 51 114 204 252 300 
100 130 132 47 104 201 247 336 
99 133 122 46 86 161 169 333 
88 121 117 39 95 164 167 309 
74 101 117 40 91 155 152 260 
78 146 64 40 93 177 171 267 
70 149 46 45 105 206 208 240 
75 154 56 45 109 199 196 237 
74 164 85 44 106 181 198 228 
76 165 89 48 124 219 216 226 
68 107 89 48 125 222 212 198 
61 102 105 43 131 202 181 130 
57 91 113 48 136 204 196 121 
62 67 92 48 143 239 208 169 
59 57 91 47 147 226 243 215 
63 65 121 53 156 222 257 230 
84 102 114 84 153 234 274 310 
95 112 107 84 150 243 268 375 
98 121 184 85 145 227 253 412 
142 204 208 91 124 205 204 417 
160 228 197 96 112 190 170 508 
160 228 195 76 118 170 137 478 
171 227 196 77 125 163 144 516 
173 229 154 77 118 123 127 567 
143 162 149 69 121 144 130 569 
146 124 148 60 122 191 147 544 
164 146 150 63 117 192 158 573 
163 141 148 68 108 182 145 534 
170 133 119 64 97 189 151 482 
167 131 77 68 91 178 146 507 
152 129 71 69 117 183 163 488 
129 71 80 62 106 186 150 484 
110 76 130 55 107 185 149 480 
98 74 133 56 114 186 145 470 
103 73 135 54 134 239 158 442 
123 76 137 47 117 222 127 426 
123 75 130 53 120 222 129 402 
129 62 78 56 133 280 137 414 
139 62 86 60 133 290 153 451 
137 60 82 59 125 258 158 433 
111 52 77 59 135 262 156 412 
121 55 70 51 131 263 171 448 
135 58 62 46 117 209 166 481 
168 70 55 46 116 198 160 415 
169 68 59 45 137 238 192 434 
177 71 58 46 126 217 193 463 
180 70 61 51 149 261 223 471 
178 68 59 51 152 266 225 409 
136 56 46 51 158 264 221 424 
140 76 42 55 137 230 217 419 
137 74 42 60 155 264 221 386 
121 72 40 58 140 241 193 318 
113 74 41 58 135 238 189 325 
118 81 40 56 123 232 187 306 
121 64 38 53 122 274 211 347 
117 60 35 51 115 246 205 351 
120 69 34 56 153 291 241 348 
119 66 35 56 159 299 248 318 
120 59 38 53 164 321 251 319 
110 57 36 49 161 275 196 287 
110 61 38 50 164 311 209 283 
106 50 36 40 125 257 170 354 
96 52 35 39 125 246 172 364 
89 47 32 47 148 295 205 354 
90 48 32 50 154 298 218 389 
94 48 33 50 147 267 234 390 
93 50 34 51 146 267 225 318 
92 46 33 51 143 267 221 319 
97 43 31 44 115 181 191 340 
91 42 35 45 117 222 199 243 
86 36 31 39 102 205 167 245 
83 36 31 44 116 226 217 243 
78 34 31 45 113 232 218 216 
67 35 33 43 115 249 216 201 
67 34 28 43 134 226 207 229 
63 37 29 42 140 232 257 209 
59 34 27 38 129 206 211 205 
61 35 27 39 133 202 210 211 
65 39 31 46 158 214 228 220 
59 37 31 44 135 192 227 260 
64 35 33 46 131 190 173 265 
65 41 37 47 131 205 170 264 
66 45 41 50 137 222 168 266 
72 40 36 45 114 219 152 301 
76 41 37 44 111 228 152 254 
69 41 36 41 113 230 151 247 
71 34 30 40 108 220 153 255 
69 31 27 35 98 200 171 265 
65 32 26 34 84 170 176 193 
62 31 26 38 119 206 194 224 
64 31 28 41 122 209 198 223 
62 31 31 42 128 203 212 217 
66 29 28 43 125 194 200 231 
69 30 30 43 132 209 217 307 
74 31 30 43 109 173 194 275 
71 30 28 43 109 167 188 268 
70 30 25 41 100 161 173 283 
65 30 28 43 118 180 204 274 
57 29 28 43 125 192 177 282 
57 27 27 43 128 189 175 293 
63 27 27 38 122 183 172 311 
66 28 26 40 135 195 194 303 
68 26 25 36 129 225 173 342 
66 26 22 34 115 200 169 273 
59 27 23 29 102 195 162 258 
53 26 26 32 108 205 169 237 
53 24 28 36 95 198 176 250 
54 25 29 37 84 145 157 207 
52 24 28 36 80 148 152 205 
55 23 27 39 91 155 160 212 
56 25 26 42 116 178 159 225 
54 26 25 40 115 177 121 196 
50 26 25 40 118 185 115 158 
50 27 28 41 120 183 116 218 
53 30 29 39 117 187 111 232 
52 30 30 42 126 168 119 240 
56 29 29 39 126 162 121 245 
54 30 28 43 122 156 120 249 
51 30 28 45 124 163 123 203 
57 29 28 50 145 186 141 202 
66 30 25 43 110 171 120 207 
64 31 28 46 113 183 122 206 
66 31 32 44 119 184 119 204 
69 29 31 41 114 171 118 239 
68 28 31 40 100 145 108 245 
59 30 33 41 109 157 106 225 
60 32 34 37 102 135 105 264 
60 36 34 38 92 121 111 264 
60 36 33 39 91 116 104 242 
51 42 31 34 67 85 81 238 
53 43 29 31 46 60 80 248 
49 42 25 32 55 56 68 208 
53 39 21 29 57 61 60 219 
51 40 23 25 55 65 65 215 
49 35 23 27 56 72 67 241 
60 30 22 26 52 63 62 252 
59 31 24 30 44 66 57 262 
56 28 23 29 36 59 51 247 
55 28 22 30 37 51 47 259 
56 25 23 29 34 42 45 287 
42 22 24 31 33 38 43 266 
43 22 22 28 34 36 50 260 
41 22 24 29 35 38 60 312 
43 23 25 32 34 43 59 324 
41 25 24 32 33 55 77 293 
47 25 24 34 40 70 84 309 
53 25 23 31 39 68 97 313 
58 26 25 31 40 76 110 282 
55 26 22 29 41 76 116 257 
58 26 24 31 48 79 119 237 
59 28 26 34 50 83 150 222 
53 26 27 34 49 84 145 213 
48 25 26 34 48 79 155 212 
60 26 28 36 53 90 183 232 
56 25 28 35 50 83 191 220 
50 24 25 29 47 85 170 225 
54 26 24 33 53 100 176 216 
52 26 23 33 53 99 160 208 
55 26 21 32 52 92 123 217 
57 29 20 34 50 91 95 221 
61 30 21 37 45 75 111 212 
68 30 19 35 40 57 95 232 
71 32 20 36 46 76 117 254 
58 31 22 37 47 78 134 261 
58 29 23 34 50 83 153 306 
56 28 24 33 55 87 149 310 
43 29 26 31 56 86 156 314 
53 30 26 29 50 74 164 341 
57 31 25 28 49 70 150 337 
62 33 25 31 63 120 158 302 
61 33 24 31 60 119 166 308 
62 32 21 31 61 119 167 328 
54 30 20 31 62 121 144 289 
56 27 22 32 59 120 152 288 
47 24 22 30 44 72 147 283 
46 26 22 30 47 84 140 278 
75 32 25 31 42 90 152 306 
74 31 25 36 54 93 161 297 
71 32 22 37 56 92 169 293 
73 32 23 37 52 104 220 331 
74 32 25 36 50 95 221 338 
47 28 24 37 52 105 226 322 
54 29 28 33 49 117 244 346 
61 31 30 31 49 121 236 331 
62 31 29 32 51 106 179 288 
61 29 28 29 48 105 182 281 
61 27 26 27 49 102 168 252 
57 27 22 26 43 85 179 230 
50 25 21 27 40 82 196 241 
50 26 20 27 43 98 194 250 
54 28 24 29 47 101 184 252 
53 28 25 32 63 122 174 232 
52 25 26 37 66 127 133 248 
50 24 27 37 68 132 116 230 
55 26 26 37 68 127 121 299 
53 27 23 36 67 132 129 292 
50 25 25 34 51 104 145 290 
47 25 25 29 50 92 139 288 
46 27 24 29 52 86 139 312 
34 24 26 27 52 87 146 277 
37 23 26 28 54 82 139 282 
