1495445349425882109 -0.0122735640034 0.0396851189435 0.595170378685 -0.453480193645 -0.596666726906 0.610473097267 0.256255982347 
1495445349459653915 -0.0149859655648 0.0384037420154 0.589165449142 -0.442906046914 -0.579452990396 0.633409884085 0.258573750161 
1495445349494037675 -0.016966752708 0.0380079187453 0.586975336075 -0.440652807177 -0.575640906637 0.637732018191 0.260308515242 
1495445349527079842 -0.0181819666177 0.0381094701588 0.586091041565 -0.445174466893 -0.567098095792 0.641434149792 0.262262607429 
1495445349561403000 -0.0188554320484 0.0385324135423 0.58551388979 -0.443614032374 -0.575154041344 0.632124251841 0.269858016817 
1495445349594261811 -0.0190438572317 0.0384880527854 0.585227966309 -0.449139531067 -0.567012333413 0.636543509712 0.267550099297 
1495445349626782376 -0.019168144092 0.038420598954 0.585297644138 -0.448403040232 -0.570146387475 0.632329086087 0.272080387476 
1495445349661728172 -0.0195215400308 0.0383470691741 0.585592925549 -0.440289832057 -0.56181362402 0.641334059176 0.281426615999 
1495445349697106653 -0.0198762435466 0.0382834598422 0.585413753986 -0.443295154154 -0.566478821311 0.634652908407 0.282501039219 
1495445349727474030 -0.0202164631337 0.0381691679358 0.584797382355 -0.44554182136 -0.565495610634 0.635256239102 0.27956521682 
1495445349761391391 -0.0202927514911 0.0379384346306 0.583386719227 -0.449888735022 -0.565465627541 0.633455864242 0.276735285476 
1495445349794720746 -0.0206759292632 0.037965554744 0.586398005486 -0.435845366017 -0.555422172906 0.643515990203 0.295689359156 
1495445349828326922 -0.0207427274436 0.037909206003 0.584245145321 -0.447389026356 -0.566490469101 0.632705619016 0.280384035173 
1495445349861614393 -0.0210142470896 0.037558503449 0.585805892944 -0.446982002503 -0.560137832785 0.636640231735 0.284854196138 
1495445349895677027 -0.0214699730277 0.0369046032429 0.58627051115 -0.446980167449 -0.554559759853 0.641971518279 0.283804109163 
1495445349928900282 -0.0223134867847 0.0357332751155 0.58809441328 -0.456159685087 -0.55503214066 0.636830190339 0.27983025785 
1495445349961952962 -0.0237085390836 0.0340939052403 0.591402173042 -0.45760279082 -0.541207957317 0.644760410853 0.286317385722 
1495445349995740885 -0.0253257602453 0.0320576094091 0.594218075275 -0.475131481292 -0.54145072449 0.631956126559 0.285854233025 
1495445350030047317 -0.0274990592152 0.0300312526524 0.598635137081 -0.487338066245 -0.527134808392 0.628880721232 0.298562458177 
1495445350062866919 -0.0294263456017 0.028489312157 0.598698019981 -0.505748942234 -0.509157972319 0.627896814088 0.301200527077 
1495445350095968996 -0.0308544728905 0.0272396430373 0.597214639187 -0.534129982862 -0.500216393491 0.617125214251 0.289214783555 
1495445350129855581 -0.0329765081406 0.0264498777688 0.60329502821 -0.552113734741 -0.485280475768 0.60940600167 0.297149135751 
1495445350163473604 -0.0355764701962 0.0255635045469 0.60526573658 -0.572292296503 -0.468607443406 0.602148249935 0.300509694433 
1495445350196474653 -0.0377063602209 0.0248346589506 0.6038621068 -0.586535326849 -0.454305536542 0.603276542667 0.292643474032 
1495445350230476591 -0.0399369932711 0.0236560180783 0.606268465519 -0.596713507471 -0.441567784379 0.607471614963 0.28271738329 
1495445351001933194 -0.0731895565987 -0.00606270506978 0.588134646416 0.695263197822 0.40032782747 -0.494868467112 -0.333844150115 
1495445351036868977 -0.0725718066096 -0.00992830935866 0.588149905205 0.670200871473 0.422408643792 -0.497766740536 -0.353029745974 
1495445351068457165 -0.0716730579734 -0.0135060604662 0.583573400974 0.665025158398 0.444874497572 -0.493640443066 -0.34080395109 
1495445351101856961 -0.0714433416724 -0.0164889357984 0.587085366249 0.632604359134 0.491588033933 -0.474930096201 -0.364135048327 
1495445351135432762 -0.0699624195695 -0.0185607839376 0.579667389393 0.612927528573 0.474666565593 -0.508836758391 -0.374294869768 
1495445351169514030 -0.0695838853717 -0.0204220935702 0.580530881882 0.592902133019 0.51695781882 -0.498343138452 -0.364521317045 
1495445351202724033 -0.0690971016884 -0.0216746646911 0.580029785633 0.574345826245 0.531110960438 -0.50190665305 -0.368968469115 
1495445351237161086 -0.0687418729067 -0.0224079154432 0.580492734909 0.543052594323 0.539506213029 -0.515926088269 -0.384509034153 
1495445351270362300 -0.0686059221625 -0.0225645266473 0.579852104187 0.442636477622 0.589907997902 -0.487724831259 -0.467125241947 
1495445351302947388 -0.0683924034238 -0.0230937283486 0.579731225967 0.498463575479 0.545682580169 -0.535788634391 -0.408283143026 
1495445351337882673 -0.0683069378138 -0.023156652227 0.579162478447 0.491269244659 0.546714155627 -0.538751530191 -0.411709788573 
1495445351372733501 -0.0682805627584 -0.0231409948319 0.578821480274 0.486423465202 0.55630300406 -0.53086050502 -0.414856968586 
1495445351404376427 -0.0681735798717 -0.023059187457 0.578273892403 0.441470350628 0.584525230412 -0.508084491679 -0.453083142308 
1495445351437908699 -0.0679497420788 -0.0230294764042 0.578395366669 0.490409273699 0.572188464288 -0.519047533487 -0.403346951875 
1495445351472116466 -0.0680689737201 -0.0229110959917 0.57797908783 0.435589968553 0.583649959738 -0.515671827288 -0.451327675127 
1495445351504957054 -0.0682957619429 -0.0228587053716 0.578369677067 0.424918764407 0.588653567685 -0.514495185637 -0.45631757019 
1495445351538734096 -0.0683735981584 -0.0229060295969 0.578804194927 0.490599231861 0.587674459712 -0.511301262272 -0.390540833073 
1495445351570906829 -0.0686555355787 -0.0225941222161 0.578266978264 0.420237178162 0.595666427767 -0.514536236153 -0.451480545104 
1495445351604714003 -0.0685883462429 -0.0225696675479 0.578061640263 0.418881314009 0.601361309184 -0.51032791501 -0.449964931692 
1495445351639373465 -0.0683906823397 -0.0225927233696 0.577680706978 0.411185804051 0.608458232602 -0.504035397812 -0.454591169601 
1495445351671918640 -0.0684388950467 -0.0228748507798 0.577551603317 0.399815444693 0.60468324951 -0.511735883875 -0.461120551594 
1495445351705799931 -0.0689174309373 -0.023429164663 0.580139517784 0.407922954094 0.607448588132 -0.511429232978 -0.450605388289 
1495445351738795737 -0.0690217390656 -0.0240247230977 0.579298496246 0.413495182282 0.607912544618 -0.509949937651 -0.446559216024 
1495445351771903693 -0.0691327899694 -0.0245773624629 0.580320835114 0.424249509932 0.608676509031 -0.507848823499 -0.437738315831 
1495445351806793814 -0.0692719593644 -0.0251587983221 0.582263231277 0.425447244472 0.608641427593 -0.500591094504 -0.444925624 
1495445351839424637 -0.0688065588474 -0.0256985016167 0.58062684536 0.506123097437 0.580721433134 -0.5059544182 -0.388087817438 
1495445351874008398 -0.0692170187831 -0.0259526688606 0.582332313061 0.432310201929 0.594932031971 -0.484546918858 -0.473685602556 
1495445351906521509 -0.0695652291179 -0.0266870800406 0.586369395256 0.519632631061 0.572783914405 -0.480195426557 -0.413899587399 
1495445351941769053 -0.0696376040578 -0.0269799400121 0.584446012974 0.561910797848 0.553011935562 -0.467559157947 -0.399778048681 
1495445351972538647 -0.0699058845639 -0.0272331051528 0.584306180477 0.591112097215 0.556677443066 -0.433653898118 -0.390692986314 
1495445352007759931 -0.0705609321594 -0.0282279420644 0.584500551224 0.627191071037 0.547896264283 -0.401594684235 -0.381002301293 
1495445352040653689 -0.0713460221887 -0.0286250058562 0.586432397366 0.654134962709 0.534100025593 -0.394004324257 -0.362774317847 
1495445352073687579 -0.0728624984622 -0.0293098539114 0.59195882082 0.671828969861 0.515401109145 -0.387001201992 -0.365017262062 
1495445352108006951 -0.0740064010024 -0.0297256521881 0.592829763889 0.690634832446 0.49771366226 -0.386001810614 -0.355397299955 
1495445352140662710 -0.0757284089923 -0.0301926285028 0.597138404846 0.696596010796 0.487816699588 -0.384969544841 -0.358590734532 
1495445352174548494 -0.0771282911301 -0.0304925497621 0.599048674107 0.703824084349 0.475305120905 -0.393014294846 -0.352500304081 
1495445352210565347 -0.078259691596 -0.0303780995309 0.597825109959 0.712651453788 0.461735819954 -0.403336880627 -0.340950581041 
1495445352240761187 -0.0798718482256 -0.0303410179913 0.599371492863 0.712385209978 0.447898675228 -0.422844843778 -0.336297974159 
1495445352275814814 -0.0807779729366 -0.0298805627972 0.597845733166 0.713222753307 0.439481319157 -0.43757538237 -0.326645463799 
1495445352308561701 -0.0808482766151 -0.029069731012 0.592059075832 0.712330686976 0.437592009003 -0.451448040607 -0.311918086493 
1495445352341535232 -0.0828451216221 -0.029278324917 0.600042939186 0.688870354993 0.426395551524 -0.479957362387 -0.336578962418 
1495445352375008528 -0.083437435329 -0.0287925191224 0.599601447582 0.681070710311 0.424990714933 -0.495365572757 -0.331871253808 
1495445352413942240 -0.0829805731773 -0.0277916472405 0.594282269478 0.676073825988 0.413175193805 -0.522954342543 -0.314212025 
1495445352479031360 -0.0847130194306 -0.0274190772325 0.602932870388 0.624756144025 0.427685111704 -0.549941979741 -0.35260321134 
1495445352509770055 -0.0836746394634 -0.0265262704343 0.594267785549 0.630663123972 0.436345011553 -0.548387456985 -0.333374042145 
1495445352543970265 -0.0843617245555 -0.0260000340641 0.597306311131 0.600491480218 0.442401390386 -0.564652351849 -0.353353524846 
1495445352576326658 -0.0842792391777 -0.0251410827041 0.595319390297 0.57774166109 0.442247814414 -0.575857717616 -0.37285296398 
1495445352609563456 -0.0848043039441 -0.0246586129069 0.597776293755 0.575891631239 0.467274967737 -0.562621101257 -0.365322364516 
1495445352645291357 -0.0847731530666 -0.0242800414562 0.596298933029 -0.559499292442 -0.475605814799 0.561940040115 0.380766387701 
1495445352676704367 -0.0847319066525 -0.0242247357965 0.595529913902 0.556293952697 0.489700048044 -0.545091916635 -0.391925635239 
1495445352710207398 -0.0848878696561 -0.0245635062456 0.595363736153 0.546700678473 0.484709725926 -0.542886611271 -0.414063977004 
1495445352744576009 -0.0851319357753 -0.0251882504672 0.596782624722 -0.451151061507 -0.611090810122 0.409792859443 0.505074800237 
1495445352777198834 -0.0846729278564 -0.0254910774529 0.592761456966 -0.404622833078 -0.588745085805 0.418857863166 0.560551226345 
1495445352810767406 -0.0848971530795 -0.0263158529997 0.594774961472 0.634640772779 0.47053699664 -0.493171235646 -0.364154028745 
1495445352844363466 -0.085172444582 -0.0263155922294 0.598886430264 0.639368124638 0.469279127904 -0.481470134335 -0.373057651113 
1495445352877890557 -0.0847260802984 -0.0262433215976 0.597440183163 0.653088619413 0.476547609857 -0.464839614298 -0.360973355958 
1495445352911233585 -0.0846964716911 -0.0261066630483 0.59856814146 0.652224372142 0.469448469379 -0.465505848725 -0.370844721932 
1495445352945093210 -0.084817096591 -0.0258598793298 0.602254033089 0.652754498103 0.447239530339 -0.478054121504 -0.381251392945 
1495445352978956013 -0.0834615528584 -0.0251494795084 0.595911085606 0.686358701125 0.435879029453 -0.477839650895 -0.332551459334 
1495445353011794952 -0.0835196450353 -0.0252086203545 0.597846448421 0.691518356811 0.416768751309 -0.49298809962 -0.324143338292 
1495445353314604648 -0.0817376226187 -0.0226711854339 0.602439284325 0.605005683733 0.413145954704 -0.585601727765 -0.34691376335 
1495445353347352487 -0.0815704315901 -0.0232446566224 0.603228867054 0.589080073972 0.428512245633 -0.575263462528 -0.372067024167 
1495445353381456294 -0.0815033167601 -0.0234736967832 0.604003667831 -0.41454364304 -0.651564104747 0.36205320467 0.522049099615 
1495445353415187450 -0.08096922189 -0.0243314560503 0.597719013691 0.600030755134 0.43467128775 -0.542187560258 -0.396303689108 
1495445353448908611 -0.0817877501249 -0.0252134166658 0.606479465961 0.624386155159 0.457466459543 -0.489475839444 -0.401596526679 
1495445353481654718 -0.081544265151 -0.026008028537 0.605859100819 0.633639148973 0.469511424606 -0.465326321577 -0.40191027046 
1495445353514714324 -0.0831016302109 -0.0274942852557 0.616109371185 0.623367070773 0.417136862858 -0.488256928358 -0.446111538329 
1495445353549477675 -0.083483748138 -0.0277404598892 0.618967890739 0.6234323892 0.432444586686 -0.465211614451 -0.455962596407 
1495445353615426381 -0.0821468085051 -0.0273259468377 0.611030638218 0.681112183602 0.475272754886 -0.392195378053 -0.395455164646 
1495445353650024095 -0.0822225809097 -0.027256693691 0.611194312572 0.691501910891 0.467462317981 -0.394078621452 -0.384715646441 
1495445353682545768 -0.0822017788887 -0.027057280764 0.611419379711 0.699467843658 0.451338451041 -0.408975423333 -0.373868213961 
1495445353716187105 -0.08149818331 -0.0263959877193 0.608239591122 0.704010373113 0.436673201384 -0.436039827008 -0.351504166411 
1495445353749240073 -0.0816029980779 -0.0256958883256 0.610967159271 0.695133019462 0.402740280189 -0.486288067737 -0.343677562757 
1495445353983610794 -0.0819768682122 -0.0194672234356 0.605892598629 0.664802661149 0.399904931602 -0.508711478065 -0.37326411493 
1495445354018116289 -0.0814627483487 -0.0190597474575 0.60497969389 0.673218739494 0.407650162838 -0.486760036404 -0.379028416469 
1495445354051955876 -0.080931596458 -0.0184399429709 0.604750931263 0.666670607194 0.426660199417 -0.46718143124 -0.394021428404 
1495445354084480701 -0.0797429829836 -0.0182155426592 0.602845132351 0.664276043288 0.439405037908 -0.453120865271 -0.400427312293 
1495445354118489597 -0.0790023729205 -0.0184859931469 0.602102816105 0.660786891366 0.435249374687 -0.459660223325 -0.403275520118 
1495445354152100824 -0.0787896960974 -0.0187824610621 0.604252517223 0.649587929853 0.442383632938 -0.460349662313 -0.412807983336 
1495445354184733754 -0.0780580714345 -0.0192745551467 0.602808356285 0.648756652119 0.444616479878 -0.457913578239 -0.414422667112 
1495445354219246081 -0.0772116109729 -0.0199894513935 0.602779150009 0.649620691319 0.447016243898 -0.458627437539 -0.409670976075 
1495445354251750624 -0.0763990730047 -0.0206132475287 0.604578137398 0.633532180279 0.456245309201 -0.464228437556 -0.418293141406 
1495445354285518529 -0.075721822679 -0.020710112527 0.6027572155 0.639586078792 0.458199304474 -0.46291138315 -0.408284332966 
1495445354320151214 -0.0755692943931 -0.0204596128315 0.602438092232 0.639201931489 0.457682512836 -0.464099814927 -0.408116368221 
1495445354352704587 -0.0758433938026 -0.0200231857598 0.603015959263 0.647674099715 0.445756498918 -0.472008101102 -0.398782844071 
1495445354386711262 -0.0760261639953 -0.0194971580058 0.601032674313 0.661827300278 0.442115015286 -0.472552286272 -0.378435297778 
1495445354420050946 -0.0756199732423 -0.0198272261769 0.595801353455 0.69100607106 0.403088240859 -0.510044898898 -0.316045377988 
